80 79
14 72 89995
14 67 94010
72 62 70041
67 49 1684
14 36 97312
67 4 68430
14 1 57690
67 58 54405
36 33 59555
67 51 46053
33 18 95521
14 27 98342
1 65 54060
27 40 12248
49 17 87957
14 77 7533
65 16 61993
77 54 83826
49 11 71739
72 75 68580
18 47 95033
47 24 13666
11 52 21716
67 15 341
75 55 55658
77 79 65657
17 76 76799
54 63 16120
47 10 44831
17 28 95466
27 5 66200
55 60 63378
27 23 81009
10 7 5487
5 25 54845
4 20 42748
36 22 37623
18 38 97161
58 57 75766
38 61 49344
25 53 47596
40 39 82393
39 50 52077
27 35 27059
18 37 19587
79 19 33969
47 45 10441
20 30 78292
17 8 37698
63 44 9453
47 13 29434
77 43 9023
43 42 61887
67 31 42444
10 48 51034
37 74 26963
48 12 84943
63 70 69067
77 66 44512
70 29 39754
79 3 50260
70 68 42229
57 71 11741
20 59 7101
49 80 50147
17 56 12075
17 64 35633
47 46 74795
68 34 10370
18 26 50826
40 2 12804
30 41 92955
22 73 40966
44 21 57969
18 32 54672
19 6 67012
67 69 45310
73 78 16358
59 9 42096
