531 530
433 462 18039
462 134 55584
462 110 29168
134 467 83575
467 447 99109
447 77 25833
110 319 27499
433 428 12017
319 66 19512
77 516 90898
428 250 33620
462 398 6857
398 451 23175
250 27 80383
516 186 65672
134 100 20749
100 490 11075
186 172 32330
490 425 39905
451 142 51394
172 340 86595
516 159 63777
77 242 62501
428 383 29178
100 311 37100
77 316 43221
462 442 63063
398 524 3946
77 517 51058
462 423 96946
340 511 64678
462 31 88642
311 38 24423
517 193 17540
319 235 35214
516 217 25611
100 247 98211
172 65 96865
159 481 33588
159 278 60597
524 499 68788
462 22 91781
38 509 36432
447 28 74972
398 482 55079
481 470 58775
278 407 39514
516 286 24720
423 456 30372
77 465 12724
383 525 23171
447 410 64659
447 417 17317
65 216 10940
340 32 23762
193 106 92882
456 153 45168
340 306 76386
142 162 74130
106 303 5809
106 443 84719
31 272 59187
465 477 34205
428 224 34196
467 446 76699
316 345 29631
490 485 18604
217 63 58179
306 46 61572
153 376 62372
100 265 37525
423 268 55820
77 76 25387
286 33 99011
63 256 35311
417 347 89365
250 246 36300
142 348 48332
110 176 33829
433 147 39514
465 161 61758
32 370 56437
250 297 88208
517 257 74387
407 126 42266
370 125 31958
247 121 36343
451 321 588
417 478 17432
33 317 77355
22 263 86165
442 489 44934
447 494 12846
217 531 7755
511 329 96558
134 98 39603
383 459 99223
517 227 94021
456 236 14880
256 231 23371
162 298 65513
272 386 11535
231 388 33607
31 10 40764
28 342 48368
370 61 91731
286 199 76568
347 23 55530
423 275 44245
489 301 25597
383 138 22746
481 437 97450
459 129 22497
388 13 86094
398 420 62627
417 472 94363
66 232 62313
227 361 70117
242 296 67417
347 207 55292
66 351 43801
275 389 19108
298 143 58850
22 253 43169
224 473 28874
257 35 12523
389 9 17366
23 392 75329
186 510 96784
61 527 80260
199 184 98182
383 528 83359
216 314 96381
138 21 70854
176 374 14837
516 220 25753
23 290 95333
481 444 144
110 233 12066
473 495 75345
329 476 48281
443 222 20914
351 170 39749
199 29 10931
437 431 36905
467 318 80296
235 432 35468
446 463 97436
147 434 3612
459 30 70469
31 469 20594
444 203 46844
528 435 68325
477 137 27536
301 441 349
134 371 15636
275 384 2271
389 522 61268
433 213 659
485 181 874
263 503 74878
170 366 20850
383 445 22150
303 93 91508
318 55 16131
465 408 10853
469 266 1428
443 118 15892
428 356 54388
265 488 12630
374 221 98665
462 96 77127
522 406 52575
63 271 13815
147 322 39073
246 372 97957
499 475 54411
186 496 76605
406 332 45622
118 357 81427
386 189 54487
159 260 18100
357 8 86405
272 52 76782
428 273 84064
525 368 57653
481 163 96834
278 302 52932
121 97 54511
263 105 34933
475 11 11423
476 25 58859
97 261 14442
203 191 321
232 157 24356
431 355 19028
147 128 78838
398 108 54269
456 292 44862
322 279 5003
406 526 80025
423 249 68594
463 123 31482
260 201 70321
236 343 82573
517 259 7311
108 320 58842
342 395 7930
271 60 14825
128 226 57854
226 59 2091
343 293 34725
482 359 57503
23 422 89534
176 504 74895
55 412 46705
63 16 46265
318 133 3111
216 352 53822
348 458 69261
504 26 84360
157 486 26892
432 240 72069
392 430 1628
30 12 48594
227 73 20969
273 304 54132
392 83 43273
216 102 26308
77 521 97154
406 200 28109
352 214 48254
319 387 9829
129 237 60668
52 64 71091
410 508 56376
8 269 91127
163 493 83243
33 204 24301
322 277 45476
348 529 37327
292 75 85592
236 402 24994
77 4 62092
246 519 53715
371 282 91111
176 403 53687
16 47 71355
118 305 79930
118 206 33233
351 404 525
30 241 82516
428 294 6098
222 6 76043
332 1 77628
8 173 59444
232 248 75165
248 335 62569
26 230 81281
121 187 73960
121 165 21409
100 205 68087
98 132 78599
383 210 46422
368 289 48575
232 274 72499
481 24 58219
165 276 13212
473 267 53425
38 70 70454
443 327 42478
508 56 23177
486 150 65436
529 43 43306
521 337 2524
253 308 13158
143 391 49966
319 500 99337
305 7 32626
231 215 29762
97 285 56683
56 281 30263
226 325 16667
408 109 71046
184 438 53092
206 145 40432
61 379 8860
446 197 33542
289 154 93396
203 174 86056
402 513 69128
12 295 80372
314 48 4227
203 492 19291
387 518 71986
518 50 27237
529 175 57543
267 198 21122
12 244 63889
345 225 6564
472 254 52304
423 178 59938
16 450 19939
376 183 46798
342 112 51116
12 424 84473
93 484 43673
233 160 95035
10 255 37893
145 328 21226
205 136 91146
77 283 71631
126 149 25649
118 185 69864
441 258 91675
136 468 60525
247 17 84141
463 299 20439
256 270 86607
516 92 76041
206 119 91148
410 523 1055
340 87 2485
319 223 16018
63 152 44591
8 287 76541
525 89 55457
260 464 38881
408 5 47933
145 218 46501
302 466 41149
311 164 33236
218 20 49994
292 104 27715
247 436 29548
70 19 90257
176 363 27017
456 377 83501
403 54 38391
266 385 78635
517 80 92755
227 515 20952
403 182 2151
128 68 94706
160 323 68479
529 113 47849
93 116 76988
157 367 72742
492 79 39195
17 18 62955
469 90 69116
306 44 16123
48 440 21380
64 460 3725
73 95 62823
113 506 75967
443 502 19698
306 228 65824
524 331 53226
285 67 46188
154 514 91209
510 439 29439
90 62 10465
225 344 84279
296 310 94949
499 487 55670
104 414 56698
18 169 74105
4 2 58687
165 474 81538
203 418 4941
465 375 54353
125 429 50727
38 34 96212
376 219 85513
371 364 19813
136 411 63312
126 416 76644
128 512 48904
470 202 35637
292 156 83445
469 58 94149
216 131 67517
470 291 24930
416 135 2816
87 103 47645
222 312 68087
356 350 67487
496 37 44373
525 140 51969
489 81 69168
67 194 70825
250 42 19083
30 94 24406
157 324 87424
406 101 19439
478 111 76119
524 84 14162
459 334 7672
403 148 31689
48 309 84101
181 167 53496
431 71 94228
430 381 89725
96 166 19848
213 480 70108
329 409 76670
323 336 35549
213 49 90684
482 190 40035
253 471 86534
502 453 46328
404 284 13567
108 91 39414
33 401 65151
418 114 9945
129 378 21442
138 405 51375
5 53 99935
87 452 11494
5 196 38020
210 455 65033
267 448 63357
68 209 52073
487 333 71938
12 419 10377
531 507 19530
28 393 59165
411 413 43441
202 208 12735
61 243 98735
161 339 85540
58 195 26646
525 501 48984
511 239 25926
157 491 93672
198 346 38681
125 505 21269
417 483 9688
152 151 78271
79 497 99755
200 382 27969
42 362 58298
440 421 4306
268 3 89056
293 155 10400
308 130 78284
269 394 14149
244 461 2072
110 449 25635
243 171 12684
102 400 17590
237 69 21738
198 78 4835
154 177 18953
53 397 68735
169 457 48203
106 307 93240
83 124 79362
446 141 33656
223 51 17914
447 399 98166
124 115 76302
413 72 95319
200 360 87849
43 86 12521
261 139 46655
393 120 61634
392 188 95078
71 122 40324
230 264 24696
73 14 31598
350 211 88997
58 15 4246
9 41 65300
177 288 77564
389 300 51439
448 180 81560
161 39 82075
10 146 71407
285 353 75191
306 454 38813
173 107 47160
258 326 87377
473 40 31593
467 373 31465
314 415 55727
522 354 52581
264 57 15268
253 234 55851
293 127 91635
194 82 56885
440 192 66118
19 36 79283
44 315 40755
354 117 22029
323 144 51979
105 229 93611
13 396 8557
419 520 24599
325 88 82060
525 530 5635
162 179 43274
476 426 67621
49 251 31976
152 252 68936
46 280 72415
508 498 10204
215 380 47510
122 313 99113
221 85 36418
204 74 50967
126 168 81574
112 341 91749
405 262 68868
262 338 60876
193 212 82885
489 365 6972
305 45 85718
375 390 50742
507 427 41542
325 349 82458
523 99 97669
247 358 2349
371 330 75780
493 369 42365
161 245 40484
106 238 38468
464 479 29926
313 158 23414
