550 549
533 216 54096
216 169 95334
533 77 59576
77 69 98090
216 115 75554
77 95 44553
77 269 93851
169 148 33653
69 348 11467
148 487 42757
348 22 63941
95 525 9633
348 313 61406
22 248 43712
115 509 25419
313 75 67401
95 38 52544
95 52 87817
216 238 91643
487 335 98409
52 507 82362
38 292 9607
248 355 94163
313 83 54730
487 384 67089
83 264 89955
248 192 63812
248 510 59831
69 516 91585
95 252 98839
38 288 57829
487 538 39000
292 34 21335
69 270 97113
335 449 48071
75 491 66115
83 303 95796
34 266 47317
533 522 54330
288 467 44653
248 367 77394
384 316 16495
288 477 71587
509 317 36780
449 343 39433
248 263 37669
38 166 98888
449 184 75633
38 545 72073
510 240 96201
238 484 62778
95 415 37813
343 227 63617
266 156 18000
384 340 88394
348 64 25537
34 515 35733
509 254 82795
169 3 42903
156 470 23995
292 199 8556
38 129 87118
538 519 98682
510 73 80933
487 373 30984
538 97 13257
184 29 77515
367 351 52257
264 261 1150
192 213 45819
148 446 79973
292 450 31949
467 126 50945
34 197 8547
477 523 57886
73 43 22043
263 302 71389
216 529 21165
525 48 30651
184 109 20975
213 497 71985
3 257 62810
264 36 31263
73 304 40959
238 543 42603
450 327 8235
509 255 79743
264 98 76509
254 360 14029
484 476 35207
64 186 80389
69 187 58129
343 418 71897
491 366 20374
129 330 33548
83 411 9698
476 445 11136
348 233 82674
213 246 41974
367 370 41131
519 532 91370
129 462 39960
367 183 35201
415 204 44391
156 190 76075
304 159 20843
43 290 84385
69 25 54441
384 103 68529
545 45 57298
264 349 58075
462 113 26492
302 460 25360
77 61 2291
197 278 14597
103 16 4880
263 70 81373
340 494 56523
246 74 74134
411 461 97290
190 150 28495
532 123 97191
227 33 28804
384 456 27932
303 260 14950
25 271 39755
494 228 12046
355 400 59309
370 2 80569
529 310 1449
75 35 95781
257 500 38584
449 226 86167
166 374 73732
266 315 29317
73 350 78051
187 379 8072
360 285 36469
532 59 17682
187 325 52943
477 506 83197
97 195 99222
226 137 11158
45 546 60715
195 548 50184
418 318 26865
195 359 62934
35 66 72467
137 30 95633
150 542 39269
248 265 666
533 432 8316
255 547 59411
73 540 31810
35 110 37091
59 107 6557
418 42 96313
183 259 18404
195 398 32139
238 354 34438
97 78 26749
74 235 21205
522 518 56388
278 93 18465
228 256 13871
93 441 71923
374 234 70671
156 19 34537
204 483 83639
461 116 84714
270 375 74353
156 307 68455
97 102 33539
477 524 29818
234 433 1653
525 468 31931
25 276 47518
529 466 11346
228 121 79529
48 434 96756
360 20 69591
313 167 31403
257 56 74156
45 219 89963
20 154 94283
110 324 40557
468 134 68045
95 1 73060
126 408 90357
52 124 35723
97 146 92650
156 541 87888
384 286 42641
379 444 29647
213 300 67370
546 501 86034
290 231 73912
233 49 1674
197 140 3858
546 464 64101
524 293 16173
450 62 1722
470 63 21906
186 94 10265
213 149 96614
477 536 15311
310 424 81933
238 474 60349
36 175 61905
367 371 98833
375 65 35185
2 365 89606
543 185 93500
66 347 37374
123 363 94837
185 143 76525
542 333 39344
315 421 51340
461 475 1924
43 284 14157
363 141 91056
373 498 57975
25 534 19153
259 338 17231
432 535 98207
137 279 13097
204 122 80640
121 200 74745
143 251 97087
536 382 35171
122 376 2152
313 223 97850
444 84 40339
103 439 67876
335 165 7077
541 212 70908
333 425 58326
141 429 67615
109 486 91829
494 337 60167
2 413 4166
360 82 91714
278 41 79712
228 244 10717
516 194 89396
543 18 43291
518 27 32574
59 170 12939
293 198 19375
263 488 86509
200 502 44849
34 201 52746
349 119 17230
42 229 41102
216 490 74295
78 383 15017
434 155 92715
421 393 4380
484 409 41110
231 530 99990
34 21 16190
525 135 24566
383 459 6615
185 479 35380
486 396 62383
343 133 11054
122 386 68652
509 296 9853
110 402 85920
523 499 21385
115 139 76414
252 114 55172
546 31 82076
374 447 4133
335 485 81116
48 209 69716
310 125 45928
124 163 25972
77 86 55491
86 237 53859
307 388 91234
248 458 61519
458 224 1108
82 253 10878
240 381 80987
69 407 85729
487 230 23768
510 414 36874
384 72 29427
190 145 26183
63 364 59835
384 496 46574
20 391 10964
270 298 75972
183 232 60625
292 448 60009
114 320 68827
366 100 88432
424 247 28678
30 67 75482
129 10 66582
187 453 94741
374 380 31484
371 161 58884
491 403 81075
192 369 11876
381 130 4651
502 521 5326
461 282 72576
248 46 61892
187 128 43484
466 356 92233
540 493 2361
52 465 58623
238 353 4601
496 208 21280
313 480 94390
286 358 64050
530 508 67134
264 550 65771
370 357 69791
190 174 71734
21 7 34523
100 79 52771
115 420 51503
18 274 74993
224 362 99600
303 168 26854
350 281 28836
298 323 50573
370 14 67548
187 272 62694
25 489 30750
318 294 35905
294 426 20689
212 404 98881
109 336 66004
38 250 43061
143 471 35377
525 142 31878
170 435 10809
94 12 32005
70 326 54995
542 221 31194
462 177 86522
467 176 74635
31 443 84107
466 118 42033
43 341 96110
195 225 13471
190 309 76238
415 504 54202
175 395 35447
330 205 54496
161 423 47767
145 267 15818
502 440 33642
124 91 838
489 144 60610
546 32 58147
175 505 27668
546 478 69425
523 99 29759
36 215 39419
237 299 67014
536 531 16880
64 328 4248
359 549 95122
183 430 16210
254 157 35593
225 53 68796
459 511 42980
354 202 22852
103 442 47056
165 131 46784
194 60 57614
443 539 21476
477 528 55180
271 120 17112
31 242 87028
261 331 11103
21 15 49222
499 417 71939
546 454 47404
546 87 30111
444 473 67826
126 406 92720
49 9 54785
86 394 38506
327 40 53550
540 481 25357
497 54 14300
86 275 6153
375 344 97972
123 368 61878
82 385 81237
330 85 72928
166 249 73902
394 416 62928
67 88 88919
142 172 71117
510 241 94668
250 81 2551
126 24 33971
121 191 35981
489 495 55366
18 311 66089
335 301 89627
201 438 81158
254 314 90497
288 218 4672
486 410 34785
307 6 30056
410 89 78777
215 305 44703
471 147 57943
502 76 86323
351 527 38914
129 392 70500
165 452 19586
133 160 56074
41 295 5320
157 390 14327
269 306 72896
116 171 11701
315 239 76267
76 4 64183
532 158 64728
379 463 68154
424 28 37388
452 193 61350
209 57 43858
259 236 63229
94 319 38364
375 339 3233
360 329 26522
350 352 47242
235 104 64187
121 277 34279
524 372 71378
61 457 65981
392 512 22759
439 287 9201
329 377 39010
324 112 23667
316 399 91521
94 222 16866
52 127 2377
521 220 86967
480 180 57486
247 117 33520
168 492 54790
343 5 59321
519 283 61438
399 39 34036
205 71 88816
175 96 18396
235 210 86959
477 332 59231
176 44 36069
260 26 38510
98 68 60605
116 289 13509
492 152 9506
369 11 54254
54 214 83690
448 92 24335
416 162 39782
417 47 94219
430 517 38274
432 211 26974
191 262 42649
447 378 8059
525 322 65108
457 397 36454
19 245 78466
3 431 66312
194 405 16859
68 401 81538
52 258 30963
78 132 22620
126 153 22732
353 419 69735
212 55 39303
418 297 9223
453 80 13532
129 472 41045
251 189 26510
331 106 56884
12 387 7749
459 17 15175
528 217 50373
460 389 41245
425 436 34003
167 513 38152
208 203 40649
171 273 92479
94 412 17976
347 13 89626
410 469 85294
488 50 59606
383 105 23183
7 243 51377
144 164 68600
517 23 23606
392 482 85552
438 514 16552
60 268 15621
250 37 83265
63 334 1021
349 101 32556
224 345 84136
276 8 11198
110 308 67123
436 182 7565
102 312 74452
316 207 81314
524 427 69196
216 503 64607
293 179 40782
213 321 5469
84 178 6547
167 151 78036
336 90 77533
406 455 55391
16 136 33411
455 422 84945
504 520 2472
15 526 3966
151 537 79054
11 206 45731
407 108 47252
502 451 23149
16 342 24800
130 111 69860
117 173 49229
425 58 64811
283 280 65861
446 361 51649
527 437 5438
298 291 44601
387 138 18045
191 544 26257
388 188 64083
323 428 14997
40 51 2914
390 346 34991
176 196 76187
257 181 12051
