605 1791
570 458 66412
570 82 84456
570 129 10713
458 503 91147
503 234 6143
570 365 25409
129 138 60399
570 560 36585
82 548 48635
234 23 72174
23 29 7255
560 15 75753
23 239 38793
239 495 19183
365 490 49969
15 575 3232
575 386 819
560 528 82224
29 371 56707
458 177 86551
129 50 64035
82 181 92578
495 546 90145
575 80 14200
371 103 63362
239 46 73401
490 118 94727
458 220 77148
560 42 1744
15 121 52185
371 116 66635
46 552 11504
118 515 87601
570 300 5638
515 264 56760
80 78 79815
121 582 211
239 596 78345
82 269 67154
365 512 31624
181 107 43929
46 36 44027
582 513 91317
78 325 24591
50 457 95737
515 141 38369
234 452 88424
50 391 63072
129 312 44536
575 248 89522
570 286 17284
181 475 75505
138 289 73113
46 1 16606
121 505 20182
371 222 63554
23 259 52828
386 521 50024
575 579 64995
495 219 99484
23 415 22028
289 44 99260
264 474 59036
474 185 5308
365 305 27362
415 588 98309
177 166 14316
495 420 91944
305 550 93185
512 368 85193
505 249 32295
141 373 62068
458 337 51241
1 274 74778
289 183 73623
42 446 59862
1 237 55513
259 93 65351
264 171 68800
80 290 10394
121 180 96008
505 201 42925
420 30 26649
588 315 36645
121 377 89517
420 324 38150
596 74 13395
391 498 17133
15 481 83037
513 149 92453
116 75 44865
588 314 62299
166 389 60366
264 200 30806
183 203 46222
513 233 66680
515 85 6839
166 425 81016
219 437 81152
220 150 33137
75 376 89459
552 231 15117
528 137 72177
373 293 11879
503 140 25354
548 598 2574
233 565 87050
78 170 83350
368 155 24121
371 344 27217
437 589 3032
300 13 47573
305 95 3766
44 43 14610
490 28 33101
140 601 32404
181 61 83372
575 48 83047
48 393 81266
149 265 61064
598 590 31247
85 535 3975
121 555 90601
141 40 51491
452 549 1098
391 500 34701
590 461 86273
474 38 79006
546 488 26619
48 120 93910
314 603 14017
233 154 25454
220 432 10633
596 320 74434
515 282 45088
48 49 15243
13 153 36529
475 572 79643
589 296 60640
365 92 70934
141 18 86799
598 84 11264
481 243 59199
231 271 67073
149 392 65846
575 493 72267
103 136 18739
420 113 21339
140 147 63112
344 7 25323
521 471 85389
61 250 90907
1 258 62203
203 83 89878
222 307 25422
219 227 86283
386 206 7163
579 288 90685
481 605 15855
200 45 25643
475 451 13958
49 109 94818
425 538 10027
481 339 70218
493 245 49824
239 362 26637
203 571 99547
290 345 37785
293 260 20994
80 439 9813
245 428 7879
432 176 1991
376 173 19764
314 581 4045
505 381 54609
155 244 37301
203 210 24388
203 182 67312
150 356 54707
244 132 98740
173 256 92030
392 63 52668
137 336 87912
153 350 59966
182 562 75058
30 466 58609
555 51 80551
457 205 80748
40 578 49886
243 551 3817
239 313 84537
74 441 6002
260 499 79381
503 363 98349
589 111 49475
325 94 98933
48 525 73361
498 584 88657
259 225 98956
74 17 25251
500 65 93707
136 252 28554
356 159 48135
206 77 72212
140 384 37535
234 55 82358
315 360 76687
290 88 44909
452 53 87040
550 591 25081
392 530 6829
325 477 7961
384 431 97495
49 527 79695
205 416 47230
210 186 58805
65 533 89380
452 144 35858
425 563 78986
499 397 17705
314 364 39480
84 34 45198
365 122 57212
77 90 87608
186 174 85677
393 184 66301
274 20 79358
368 6 30911
500 266 25968
258 465 79837
63 334 1416
260 168 33468
282 375 4545
428 399 79135
78 322 29448
503 208 9370
200 433 17612
220 349 14507
603 331 94020
513 117 10486
182 442 5337
42 348 18107
431 39 24050
122 71 53366
118 27 2099
82 444 1128
397 509 25607
208 19 64917
296 402 54915
206 518 74587
177 326 74340
122 119 77303
393 487 28671
90 297 2009
129 380 17628
528 522 44851
138 338 49979
605 383 28721
42 41 44691
44 352 7504
312 97 13350
83 91 63643
116 59 40906
117 70 33333
337 35 36408
425 188 79580
256 178 4921
220 292 30042
44 281 85802
34 327 66220
393 504 98132
551 216 70523
70 341 34203
297 358 29573
205 347 93647
234 229 44875
18 306 736
292 298 3189
518 22 797
538 450 81180
75 574 2572
296 496 72015
312 354 34109
155 276 66579
458 52 55082
119 8 33597
35 427 46974
493 195 45191
186 422 73320
515 100 76051
312 105 93591
85 561 6586
551 60 27734
78 131 81587
7 394 1479
393 369 40168
78 99 77233
324 532 33947
168 580 56703
97 47 31303
574 25 40317
574 587 98228
29 311 91911
208 32 39216
245 221 18770
561 230 91517
391 211 35035
522 396 66412
32 417 88835
75 316 3101
496 139 6741
122 585 18679
354 125 10929
239 367 17599
188 142 21619
107 483 78070
513 387 53252
94 135 61434
74 156 80510
61 199 67447
548 409 14647
40 251 32053
216 421 9897
245 537 24970
15 472 26153
477 299 14924
417 110 64155
138 558 34726
39 321 76936
581 167 47486
136 423 77680
354 11 40536
560 473 17931
155 556 18127
220 480 80339
70 98 56041
488 16 36748
585 3 73848
244 544 33752
416 539 21645
574 470 40627
574 342 97440
544 489 27113
258 207 56927
46 379 88128
91 516 58688
474 278 46675
43 361 5341
138 175 12471
38 62 81280
512 196 46509
178 414 55509
550 9 40332
493 302 27226
368 134 24809
471 586 75585
296 602 27180
220 328 11046
470 81 10964
555 395 87517
420 553 88191
77 303 39720
515 526 66288
25 332 69473
586 257 107
210 106 54879
71 295 89829
516 403 41706
392 291 17060
538 464 49642
92 460 77449
251 304 24755
278 482 21703
220 108 95405
109 235 2787
328 599 48329
84 507 74365
138 151 60273
384 275 95042
377 576 7494
585 370 95260
384 101 88496
368 191 75414
585 517 96345
585 86 62163
9 301 14027
578 67 60227
264 436 11589
363 96 95511
53 486 22956
132 127 97794
108 511 91861
8 463 93934
370 202 37594
8 566 25019
590 405 89019
207 255 51767
365 335 35796
3 567 82811
132 57 26223
288 268 32025
420 559 61315
518 536 71550
335 557 84433
361 569 11720
98 410 72551
307 429 82548
101 330 65133
175 192 64225
377 456 91218
252 294 53605
415 404 79351
470 69 40598
368 194 45464
356 478 73941
216 272 20896
599 554 355
173 157 88896
386 476 98107
482 279 23498
423 323 37081
574 340 3944
421 447 65004
141 212 97842
251 406 56403
125 160 82059
588 218 63826
331 492 53472
62 453 19494
499 87 28352
13 204 55322
380 497 99726
211 390 55582
312 564 94438
312 33 17078
350 541 51575
394 547 86829
500 388 89037
564 148 72387
483 76 68398
88 263 991
289 484 40124
204 261 48793
129 359 83949
428 240 91053
352 448 44047
558 190 80178
601 583 99801
394 468 24514
278 400 3369
178 267 8919
202 112 78244
122 438 31639
557 232 17755
402 545 67137
598 209 19836
369 102 57909
194 236 61534
192 226 67830
583 143 28994
596 594 73378
289 308 72655
155 161 10199
240 247 74294
387 145 43025
528 491 82527
369 604 11668
471 89 66334
233 531 19209
489 343 75383
563 12 3253
279 310 20162
541 595 49880
3 58 90256
397 510 8886
194 21 96822
389 412 30816
311 169 74692
183 217 60954
25 568 97765
167 455 21196
586 26 40166
312 519 49270
199 214 80148
552 449 50553
557 37 60326
478 64 29302
153 193 99037
405 54 63768
166 593 91324
103 434 10698
552 426 27973
338 163 99450
602 241 68031
404 283 91658
36 14 46059
507 385 13760
100 126 6429
135 246 6750
246 357 66637
546 198 45120
283 494 61804
373 123 53201
19 165 69190
412 238 27
335 68 54597
342 152 46072
588 309 21621
576 407 55933
274 514 93611
490 179 81475
233 317 40719
375 319 11508
457 158 59465
503 443 64735
504 187 77872
173 418 75551
276 524 87075
145 72 27830
427 128 61585
302 115 12365
52 502 74517
191 372 8717
97 501 14413
260 79 75988
264 280 68747
177 529 55102
260 224 65163
539 430 89006
568 542 66086
544 189 46686
463 162 75926
321 24 48313
134 215 17047
367 10 51317
177 479 51151
341 262 71143
511 285 6422
16 440 45904
452 419 94576
416 5 29698
515 520 65448
498 485 26191
593 445 72491
557 523 63812
262 197 48536
571 577 20887
54 223 72767
142 172 58546
497 467 38758
68 254 91338
480 270 12299
347 378 8861
501 401 6093
236 374 2055
172 424 72733
358 31 35930
553 4 30395
389 228 21290
567 597 30324
82 508 39935
430 355 64104
279 164 11459
577 398 30312
57 242 54062
157 353 34025
428 435 21351
159 130 3535
430 66 70645
84 382 17642
420 333 6396
404 253 99309
292 124 78180
206 592 36495
46 600 12152
495 133 52610
236 213 22756
531 2 59830
322 411 36597
374 459 27955
468 346 72661
275 114 62052
275 408 24778
425 318 2403
421 413 68317
67 454 57276
76 534 42014
32 506 58458
407 469 37004
490 146 31643
526 573 56348
563 73 83757
285 56 77973
31 462 34102
161 366 98808
61 543 42503
36 104 99213
568 273 6640
511 540 84670
201 284 87596
591 329 65762
420 277 9211
490 351 49956
472 287 49824
168 454 78012
397 306 46671
454 155 24763
447 187 35043
258 301 70044
458 304 66362
345 266 51951
491 72 99471
311 447 87325
369 570 40290
317 132 60769
550 528 49781
225 376 48250
233 369 30893
272 22 23463
238 479 79316
594 218 62798
80 255 13905
415 112 49096
347 480 46345
446 191 39753
394 135 28127
346 512 53970
452 291 32845
139 562 55041
127 346 37931
569 335 69110
67 566 14339
393 527 15533
560 268 89942
87 109 20095
501 49 84001
233 395 28332
39 393 94202
213 532 33006
561 205 14786
328 168 22257
313 234 7369
98 21 53241
600 128 63548
372 214 94933
33 109 91812
433 493 36668
135 531 77750
278 291 45951
530 246 81085
523 573 62468
396 432 69248
230 77 15331
590 71 66163
159 594 793
442 173 42621
168 1 52479
440 287 686
499 111 3736
32 36 49373
221 105 59176
125 500 51309
263 124 23760
120 108 8413
104 419 95208
301 255 4241
1 422 35863
346 408 2054
12 301 29719
572 332 51864
320 100 15978
187 224 60670
32 33 60603
407 304 1723
551 407 47576
230 102 93095
535 103 46443
387 448 27935
72 6 31672
321 578 3606
151 444 41172
86 25 90485
520 56 69850
19 9 78243
231 106 98180
408 336 46803
234 417 50382
28 351 77747
229 422 29582
126 137 9624
53 440 83597
79 525 27028
480 591 91226
309 4 99949
594 387 94315
75 189 85882
262 575 62538
99 602 76498
535 226 29815
371 503 68558
332 102 44592
130 180 90246
558 54 82541
135 515 98432
173 503 23288
469 577 37388
495 385 33827
485 483 91751
67 564 39093
71 482 23877
516 208 49708
37 337 57757
235 441 71212
417 575 43571
603 295 85780
117 310 96018
425 352 21088
248 231 27722
220 449 93668
417 67 32154
210 582 69156
557 13 20974
25 399 14637
152 211 25016
339 360 1117
576 477 20902
178 448 2955
317 242 77110
486 9 52568
8 425 59144
11 182 81747
373 133 32265
466 158 66350
94 309 33840
145 194 82222
188 164 18430
389 494 79852
35 205 49370
364 237 2383
84 244 94335
474 406 49101
236 173 16388
162 186 86657
486 279 14767
568 575 60641
556 158 42761
415 93 40794
268 128 8531
362 38 73692
465 273 46298
86 142 42148
341 529 63103
275 85 30135
367 117 41528
313 79 71355
605 29 4379
456 595 61501
346 257 78380
441 14 32125
168 25 75302
290 110 99760
364 602 70893
6 271 37317
590 184 98086
395 44 70686
169 43 37340
404 45 49179
579 391 2408
581 226 13691
15 545 34467
326 381 26366
326 292 71192
400 297 1684
559 434 88148
229 375 78053
129 543 15687
210 341 43812
281 466 35924
3 593 84201
343 2 78688
254 480 65680
426 352 87326
594 146 6728
579 99 86723
143 479 52487
355 3 91726
157 212 8818
155 492 81615
90 494 88498
250 383 61589
49 183 8895
229 155 13823
94 143 47266
408 117 62891
550 259 58785
8 161 5632
8 469 73475
500 18 95142
400 259 5742
439 508 2615
479 557 52929
394 180 66699
358 425 47818
468 228 97971
224 172 21657
458 332 96927
241 339 72172
235 386 58499
116 332 40887
190 165 3536
41 38 25134
74 583 71360
414 336 29540
292 350 22752
589 573 54070
540 577 75981
198 364 96562
324 599 24629
14 261 25445
567 450 20211
570 490 54163
523 111 85253
355 524 10950
459 362 78519
337 498 67204
538 432 35787
466 177 89901
127 500 3019
325 61 2986
401 22 79193
36 138 50604
465 56 70149
267 410 37230
103 415 99663
137 146 55420
442 78 26157
113 543 57855
300 216 89981
328 87 97386
316 487 53660
148 522 62337
16 534 64904
147 347 32720
196 450 95324
153 133 8171
3 574 25331
436 233 39135
440 533 46146
490 407 3694
148 117 4521
432 416 1539
400 584 48912
576 125 64596
555 320 26835
496 19 46852
581 173 8202
291 3 30319
243 594 35808
258 479 11335
58 173 92588
193 151 58761
549 550 44104
227 520 35118
252 17 85384
273 512 94564
274 34 1727
547 477 65731
296 114 28080
275 523 95105
56 580 64192
559 320 5352
571 415 97273
409 36 4860
523 440 60831
503 107 93214
501 533 93827
67 474 4353
545 316 80278
254 591 51395
593 41 37750
46 146 76566
102 111 53030
406 66 48757
20 588 28343
407 485 2270
95 533 66444
574 599 96362
318 85 71400
176 338 11012
555 477 26532
456 522 59605
223 170 52637
252 576 49733
16 595 2360
218 549 28607
74 190 6684
9 158 54669
418 476 38294
537 198 1988
188 299 24505
31 302 86386
20 524 9336
424 323 6978
136 490 67819
587 102 69042
313 328 20212
118 336 31506
69 148 7278
557 231 27805
476 419 77186
115 601 76817
428 15 35967
153 438 91314
605 120 24318
140 102 63322
72 566 26946
345 231 65281
170 299 23746
18 402 57386
214 272 93566
104 539 58816
447 361 29092
104 60 40680
234 59 92366
249 198 70159
365 421 19017
355 160 45622
227 482 37347
247 46 16133
498 259 16671
260 515 63466
470 508 26551
241 6 47965
602 240 34685
478 488 54530
1 399 76540
242 300 53632
260 526 958
576 320 42148
235 212 21358
318 18 15774
333 487 2212
104 122 16637
85 119 83068
125 596 25822
61 143 8220
265 537 73559
328 343 3472
267 314 5351
251 95 52934
494 564 39786
344 444 24722
550 547 36833
309 178 49503
458 302 22393
490 514 74718
466 326 9141
137 48 71283
333 315 14843
395 112 72305
63 605 60338
353 496 58761
71 440 94124
515 295 14392
473 148 70600
572 32 17279
209 44 47319
534 180 30703
597 512 68389
66 301 18876
235 515 19872
363 414 87152
328 484 39279
539 546 92888
170 413 47400
406 379 44988
551 135 93872
264 63 313
177 206 35080
555 272 52577
440 506 5739
477 415 17997
555 290 46778
468 223 28913
71 544 30257
577 496 56850
57 442 16114
185 100 17189
492 428 31356
253 530 57107
467 516 99450
590 539 2369
68 489 57330
182 503 25752
236 120 71082
97 92 47568
489 148 88839
409 332 58565
392 370 87450
128 18 43881
286 484 46733
497 468 99527
518 82 22117
222 264 53781
301 499 71056
317 596 37692
376 26 31381
271 434 45994
418 373 81843
387 47 90360
584 332 56825
86 376 54272
279 288 49754
355 509 6399
481 356 36767
273 220 3819
4 142 64404
186 413 50988
246 225 97110
70 158 34126
517 136 35494
236 221 664
423 47 64708
238 401 68604
316 428 54454
439 247 26045
553 250 14592
86 587 25284
205 379 49390
91 449 58007
476 360 27719
287 595 88906
472 564 57447
340 348 71810
263 58 85774
88 44 70396
133 596 79717
319 228 45119
464 433 61649
228 523 78447
301 546 18576
56 379 38861
31 245 9924
53 131 97872
174 545 9101
117 28 96731
307 312 31876
446 177 27996
566 187 3373
459 414 4172
196 261 64519
291 316 19907
528 346 87352
119 550 64264
510 118 86544
52 387 41348
395 240 54721
575 81 24902
77 40 9878
11 499 59038
468 89 46740
563 531 84350
280 454 93477
393 572 31569
31 23 70433
366 226 95844
123 15 10901
343 137 62615
286 213 45162
415 224 87485
352 238 735
248 195 3487
307 21 34602
411 413 4003
459 596 58617
171 356 7545
422 479 47516
307 368 10407
271 201 56917
427 10 90417
23 514 15079
464 156 28125
226 10 33111
592 420 33738
472 273 26975
525 595 66661
351 411 26846
192 264 62250
320 535 97775
56 508 59650
167 78 23263
62 541 51705
304 313 12974
414 452 16898
483 470 95045
543 389 50552
505 135 46557
340 478 26666
241 192 53492
191 248 72196
150 566 86615
169 175 97483
343 478 8285
74 438 86328
71 315 19262
493 404 98408
299 303 31309
62 189 65481
89 430 27682
197 167 74829
208 468 30042
599 31 92046
321 525 5318
508 145 19320
540 216 84141
589 255 26757
421 553 13826
539 161 72195
529 250 96816
105 598 85464
81 352 81436
17 346 40698
127 61 98602
261 115 827
227 50 64269
507 33 83973
133 605 26842
214 538 39432
30 461 81113
427 112 5376
385 192 767
205 360 70254
207 486 94967
280 293 99541
498 519 70305
478 573 59224
560 100 48353
288 465 85352
25 41 19349
314 14 78026
596 398 68914
20 149 5704
393 507 96791
374 334 63846
470 226 9834
161 99 51601
37 205 15903
516 493 16564
323 64 42132
288 529 89420
213 520 43893
29 86 19688
204 478 24800
411 399 90533
306 415 34065
115 575 19665
42 158 31305
221 69 28529
412 543 34417
38 225 62785
282 590 35361
471 13 52911
204 216 2041
595 173 61364
109 479 63125
453 593 61276
595 181 31394
184 554 54534
417 360 99696
260 397 2580
26 73 57564
312 91 49913
229 294 85330
19 435 76958
359 543 88641
55 542 46565
326 531 2330
301 261 4543
344 224 86119
324 30 56485
75 56 37765
264 519 73850
163 142 780
278 313 59706
565 218 24808
272 273 79206
571 145 26214
597 445 97134
572 183 53200
300 53 12474
577 127 54094
321 542 29772
307 100 8771
586 529 93130
241 488 60564
590 306 57846
422 271 95307
180 262 71636
351 380 74070
140 75 2304
563 46 42566
589 518 1474
527 219 96238
154 199 61243
93 591 40742
402 575 39727
529 391 4762
196 118 70881
458 468 42625
450 154 22466
493 263 66888
58 246 13655
469 320 52968
221 473 1958
201 113 3978
62 514 16539
229 589 18847
60 331 37114
457 336 1178
24 180 47886
269 67 6063
259 277 46156
8 140 97935
128 512 2874
445 107 37751
143 169 79481
113 549 2262
474 3 85047
499 7 32177
538 30 34073
578 450 76687
428 255 2583
523 263 45939
484 390 2992
464 381 34986
405 70 82661
557 183 85744
88 203 65348
102 249 92354
298 181 42090
373 154 37022
514 128 44036
326 197 76788
581 227 20949
137 85 78477
104 489 36996
239 593 45750
317 75 23585
550 176 7613
183 21 15363
150 393 11073
566 301 805
26 173 63418
506 300 80494
316 588 71259
507 87 89814
315 325 15641
304 189 67353
43 133 29995
182 467 35745
350 11 51379
369 123 37231
516 149 12235
253 49 22329
217 364 3209
265 418 57155
500 128 99531
118 582 99729
415 20 39448
434 201 11042
21 97 40247
151 466 96790
582 376 24705
278 175 780
122 391 62315
252 202 87787
316 97 46895
403 366 69037
74 175 94148
481 155 13488
297 327 91477
276 478 22834
377 1 24716
173 278 60540
17 551 10801
376 349 79459
548 59 39977
544 9 24347
365 82 16273
357 562 29398
97 406 48521
538 228 8670
538 604 47075
308 323 8675
252 339 15797
134 109 71651
370 203 49741
96 142 49599
340 506 87305
152 410 18659
271 506 38349
112 590 35678
581 522 91083
598 224 45620
439 22 68
225 156 33093
512 525 16131
253 167 28779
153 506 23721
588 205 95105
526 475 89122
416 133 97248
80 109 25964
347 253 32689
331 86 61611
200 310 56233
177 217 96014
509 16 20930
377 168 88033
450 302 97242
174 374 10658
103 336 60451
15 415 55289
601 156 74951
199 33 44463
576 232 46917
503 561 3020
48 464 62512
365 388 58640
582 232 11411
550 557 39485
387 54 13912
357 221 37667
587 216 18182
464 414 33782
426 537 51828
93 586 38118
279 29 25134
481 393 25301
397 521 78692
9 465 96763
600 246 84989
317 150 24264
448 131 56904
281 595 31949
147 415 11010
397 54 83023
601 333 11296
59 360 65815
509 303 34612
132 311 98576
160 306 1068
393 17 86187
393 11 25573
456 443 26879
26 137 1863
586 533 46499
220 75 47453
487 134 67237
541 189 97194
57 321 65086
189 27 94046
566 571 30689
35 358 12681
87 360 58204
432 385 17390
434 517 58419
37 131 19408
124 12 25491
117 99 34672
412 307 9289
413 495 46105
265 3 62812
286 37 50969
468 275 183
336 101 42402
492 81 4989
122 118 87316
280 393 84328
117 57 94541
143 15 52568
36 579 73334
107 391 41556
143 223 59772
83 85 86258
230 573 15188
309 6 81129
299 128 30578
419 407 10987
551 523 5945
329 213 28997
261 400 28875
234 54 32330
362 196 2754
525 279 20124
358 55 75346
442 515 2161
2 208 58988
436 22 81586
205 119 95446
29 599 51590
172 254 42954
137 35 48347
38 548 30580
162 467 40620
522 219 78649
244 208 19774
424 209 85333
279 40 29939
86 396 86975
416 424 34628
505 596 41819
541 279 81880
477 468 96367
308 176 61403
417 92 79599
581 335 82493
201 306 34861
28 131 16337
29 216 37907
300 179 21868
412 230 97215
477 165 9175
576 189 90077
164 496 59028
219 460 52501
492 587 29491
519 182 24861
301 209 30303
275 389 11050
491 83 62548
225 42 52738
554 518 40924
103 36 75454
272 199 86907
464 417 15901
294 455 57437
6 520 31288
23 368 39138
170 37 10927
80 527 66331
319 147 23627
183 247 40985
212 350 16635
580 16 63295
386 26 26017
46 471 33453
444 477 35393
266 499 99400
601 216 41811
114 447 16884
314 160 46487
103 343 27834
409 554 86450
145 75 96060
79 8 48395
582 205 12307
330 44 84583
144 461 39139
325 3 6276
542 116 80692
227 582 41286
59 79 73500
289 34 1905
263 178 1955
252 256 93259
418 385 59013
449 261 89358
504 556 99229
452 275 60466
162 363 349
318 589 68855
180 194 22315
385 482 1713
84 139 40035
10 542 16927
548 354 58406
233 350 30628
565 248 52633
148 246 56524
491 407 463
344 271 84982
173 602 5622
384 381 73866
476 12 59809
292 173 8568
515 116 35831
366 500 2962
175 459 78191
388 154 656
573 39 76632
516 534 19514
594 101 54236
260 31 70648
560 53 54304
546 344 39862
468 253 20579
290 165 71820
9 340 50238
579 274 4118
185 241 61221
348 303 54599
177 291 53106
154 551 95408
511 52 66865
427 144 23863
515 6 16033
265 448 1779
514 456 95378
11 429 98518
419 8 51371
411 508 54398
332 231 8934
504 384 36951
102 441 12314
356 414 94833
501 323 9425
293 587 8274
401 42 77989
396 205 29465
210 18 47004
265 580 23591
18 307 95091
213 357 32091
505 458 88887
243 208 52485
277 255 79100
317 547 89308
350 495 54930
386 285 42554
245 494 56298
263 306 57382
336 475 33110
33 82 52938
114 586 79570
182 375 12574
58 47 75814
257 515 1672
590 411 75576
511 191 25607
484 587 50283
173 397 973
441 127 48427
562 159 17930
434 424 46432
158 605 46246
394 58 28557
127 466 19141
558 602 26272
426 507 44289
577 537 86306
164 104 15677
208 92 55993
121 48 35048
115 482 68582
241 186 78183
289 579 99985
230 252 45791
233 205 4907
494 25 48616
492 148 3117
19 464 57413
395 66 85236
444 339 3343
199 453 97376
225 241 46904
402 529 64499
184 305 25976
431 537 49357
522 577 10218
214 11 34165
443 29 87833
322 576 88546
292 414 84729
309 159 10663
507 383 12780
285 332 37325
188 515 12855
343 340 91213
249 408 82320
483 169 46815
108 6 87355
347 327 19617
199 13 83241
237 473 62329
427 374 25464
251 53 50827
151 241 22051
507 130 33982
189 531 91526
600 408 43299
416 62 8769
261 409 61700
227 2 3679
154 391 21697
240 364 29480
255 9 73933
601 311 35905
403 364 25019
91 100 6984
186 94 92017
602 510 30633
265 317 27018
407 90 69717
107 396 43457
128 182 91605
70 436 26940
517 583 86788
298 532 84001
56 17 26145
345 354 11891
588 350 71700
287 162 41983
395 115 9652
203 221 7004
401 349 80015
205 418 86852
321 481 61989
295 173 60180
28 380 31758
464 271 51897
389 405 80246
370 87 58279
62 28 31343
601 230 19469
476 25 60704
381 382 84528
267 248 64873
283 543 70347
72 570 25968
182 580 22369
493 364 84268
95 280 58651
464 494 56183
341 489 79284
439 359 55058
432 286 24165
389 100 97193
373 382 77280
76 605 81131
159 181 34890
59 68 66800
363 315 48560
149 173 38503
113 513 62633
307 499 27953
71 325 30831
216 261 41765
155 28 39096
484 256 99355
476 414 70653
442 19 72180
167 381 33239
323 76 12108
367 341 7426
294 42 87716
278 264 64625
548 26 71737
312 180 57572
4 210 8827
301 80 67822
173 69 56925
264 235 93107
518 104 18668
37 470 38845
69 310 83866
599 587 74196
396 77 1297
452 540 78711
83 544 71
121 391 62857
119 563 1960
588 221 531
532 285 7129
551 322 76608
305 390 4304
252 384 85466
462 174 99979
245 172 56903
56 407 28038
228 527 12738
26 41 81655
346 175 39673
446 101 3677
197 198 2128
416 502 58803
340 148 77768
397 157 7296
530 401 68179
144 3 85285
454 382 144
396 408 80576
448 300 83505
115 140 34743
66 336 52955
491 299 93339
95 33 39758
82 429 66409
394 353 7292
272 43 41116
104 496 67953
462 439 83362
407 281 72951
73 547 53602
597 159 32445
562 44 2438
122 290 67885
434 371 30603
450 159 6922
261 583 70096
226 81 31812
120 89 37510
421 495 85197
416 114 98193
98 106 12878
267 214 98677
281 335 63446
175 315 84954
44 159 70494
265 419 4598
227 192 56198
533 311 74493
219 127 7354
185 89 54638
92 338 83790
462 151 31413
118 431 23549
215 605 83603
230 195 94337
404 6 79392
101 233 63533
31 160 31064
200 379 81697
259 110 88382
583 354 88370
407 210 46807
444 479 33428
362 240 48819
141 470 23584
532 420 80994
284 520 7498
378 97 2203
178 297 51673
104 102 24752
423 79 35985
322 485 14601
523 475 42924
97 383 17104
276 523 22093
196 602 44737
121 432 89633
279 204 29332
143 382 38325
537 32 23966
283 454 57244
535 322 38300
390 392 82194
271 488 28826
239 310 61798
71 52 8151
474 173 14572
338 603 60946
299 140 11039
255 71 46547
160 505 39501
295 434 27324
309 371 40472
192 188 96020
4 426 91841
339 43 35168
64 63 39697
221 400 96574
128 246 24353
568 500 7410
434 55 54144
301 501 33245
490 205 59312
11 548 75269
172 552 98219
190 285 82958
259 500 57870
500 115 28939
285 394 41849
209 356 51276
203 185 64832
96 485 56112
122 521 63416
518 79 1641
496 250 83259
446 591 70068
438 244 2922
