689 4723
423 243 89168
243 496 40443
243 81 21626
243 584 77738
584 124 57505
81 394 59145
584 12 42403
496 248 28822
584 500 48096
423 134 60841
12 205 72267
423 323 64031
584 545 15279
134 576 93714
545 509 61657
134 123 87310
134 118 85837
12 141 29652
205 170 93631
118 532 41401
12 409 16811
532 327 20767
124 515 28879
118 147 19955
496 2 73346
394 281 76768
409 63 60502
205 598 85749
545 222 96670
409 436 78941
124 331 79881
509 212 5010
134 537 94769
436 613 87137
409 271 59851
212 95 54062
212 641 77972
496 139 57631
613 487 38213
576 373 84164
532 184 56324
271 438 43313
436 50 9160
243 590 1848
327 172 82386
50 631 45134
2 589 77401
147 333 97727
373 397 19413
118 585 68791
2 486 87263
222 562 24342
281 588 795
436 608 45500
589 87 78411
147 303 89227
496 479 54714
487 102 51725
496 367 98714
248 73 75997
613 583 78867
141 384 19908
50 135 87778
50 539 26301
2 522 6262
124 36 87510
409 490 40459
303 616 59432
323 413 2061
537 155 6556
73 117 89786
135 574 91721
303 85 88377
147 299 88914
2 592 11531
155 189 38612
141 7 15290
222 575 35318
608 30 96422
333 32 18014
490 686 68885
592 419 52648
36 349 26348
124 200 74428
585 391 58739
50 658 74042
303 62 42269
409 365 1779
394 273 4298
141 317 81243
62 156 92257
327 504 32558
562 597 22055
590 364 64876
490 142 70970
281 291 79302
631 225 77381
537 427 5665
299 260 39937
30 302 14962
349 392 20943
597 311 64017
32 157 35904
537 453 41333
134 264 85568
157 396 96493
281 279 96365
317 577 16827
504 660 93196
139 529 21894
574 210 37285
155 550 8255
135 569 3801
608 637 50272
135 403 38447
436 230 10712
496 128 57461
155 638 53665
87 76 84751
303 92 55016
63 207 94759
658 129 63532
349 497 59299
584 97 55060
85 309 64744
327 379 42970
384 674 85389
613 380 2087
674 607 82374
129 120 82540
303 75 33898
436 321 57391
607 587 682
490 132 32380
373 620 93817
658 560 86911
321 290 8156
479 449 37563
409 489 24663
87 219 62651
590 5 57069
575 570 94257
479 130 82469
260 651 25506
279 358 6342
537 111 30721
184 183 58410
560 680 14165
500 44 84354
638 209 37375
62 138 77300
138 618 66182
686 441 83906
147 334 22473
73 330 20590
12 408 59354
532 27 81732
486 253 89466
500 18 84642
490 471 49632
419 526 66977
438 26 86926
394 520 66869
260 164 23840
575 171 90217
379 158 76170
299 45 84960
545 326 24742
392 188 33079
479 440 83689
330 429 6517
520 640 91337
641 428 48757
500 252 61246
660 179 70660
397 340 99693
118 359 79065
520 499 83539
499 368 10926
409 434 61932
499 9 73931
85 304 40575
117 377 28045
252 675 20246
75 544 56002
364 670 55903
490 176 95653
45 54 40632
333 671 29361
230 104 13778
63 174 59866
12 283 34602
449 343 73966
281 328 12124
497 169 5619
587 477 28314
585 370 56380
545 198 7478
176 503 73647
170 72 20669
449 249 32232
449 77 47557
592 133 41627
365 416 12256
608 305 4337
281 10 21232
409 535 46281
209 483 7606
334 296 72391
585 452 67915
72 274 39755
77 656 94547
583 506 72865
176 437 19106
129 105 69866
302 79 48444
365 167 59798
529 669 66875
608 578 59362
205 197 33917
477 255 37020
452 591 95833
124 643 94013
620 115 89173
327 101 9790
671 678 61480
141 307 56206
311 338 83051
598 314 49491
500 417 29174
379 37 26416
189 626 6153
169 6 15940
164 510 97404
479 565 79152
132 284 65521
73 655 77742
486 282 78446
101 329 75240
592 15 73217
309 639 40291
120 363 16218
249 543 11895
643 444 16539
123 263 49255
562 339 96260
479 268 22351
260 663 87323
138 484 74404
317 528 42954
123 145 43241
529 374 28637
618 224 62270
565 168 3559
323 372 25325
290 375 53709
506 611 50190
583 34 87327
253 69 48168
453 424 82205
544 533 51315
452 557 81914
34 401 96505
183 514 11027
69 270 71940
413 74 25691
12 573 86857
170 505 474
441 49 94044
365 262 10102
37 614 54568
169 80 84084
37 351 82164
253 540 93406
299 632 17995
328 645 37889
509 627 49349
157 652 7427
329 335 83095
358 382 99812
358 549 84178
105 67 95786
189 341 79624
626 512 14314
328 112 3414
307 195 88599
72 599 23577
30 121 74891
263 51 46217
364 420 53020
145 366 42912
408 468 34504
669 267 42412
271 143 79492
169 653 73124
205 629 78894
382 163 38845
111 293 39833
562 580 98683
663 623 25790
327 244 14903
49 208 36941
317 398 8691
2 25 79614
629 472 75817
253 8 98944
638 221 3234
500 495 70739
413 494 76183
9 485 35363
195 619 31738
155 481 65838
32 446 49800
79 33 63246
413 48 36843
608 491 74004
128 594 96030
293 178 10146
167 41 7594
102 430 34590
599 556 76859
598 470 44607
205 122 5041
438 567 573
323 110 43398
340 206 6639
97 407 69189
134 661 69892
512 35 81284
282 247 2047
281 202 57970
539 433 80307
652 272 22350
499 682 92790
296 336 87591
584 648 82570
632 673 76670
686 237 22180
514 144 57134
570 269 74067
660 676 24693
562 11 24396
368 59 55367
10 215 83757
336 186 72810
329 600 43018
643 140 1088
490 220 26696
249 422 46339
102 258 83963
32 596 90509
143 360 26483
144 634 36491
111 461 58278
221 534 92415
67 426 82301
640 561 34574
67 369 18423
18 55 20090
651 538 37212
533 677 55483
655 16 32873
311 106 82391
661 148 10036
328 559 8597
537 390 82015
600 348 96507
472 42 61447
512 65 82662
349 20 17284
392 393 88437
489 100 88109
270 96 57046
486 306 83320
65 421 50687
5 159 31955
534 521 86495
607 606 31746
7 231 78050
124 84 4450
359 83 78556
144 116 7230
281 473 16953
528 547 60568
367 469 12704
420 687 65775
678 332 2083
112 288 72552
634 53 79252
55 175 58626
632 182 80588
515 442 621
32 604 51597
175 387 15906
92 29 19937
570 541 55932
326 474 38611
634 40 64479
69 659 78631
44 228 80080
186 213 86109
221 415 34212
429 593 63439
167 160 63541
33 257 34189
614 240 9717
200 395 22080
333 531 6827
279 501 63001
54 371 17705
652 664 59038
618 552 81906
32 617 93538
593 256 27239
27 301 43576
134 31 71603
176 227 60743
32 488 62134
303 204 15623
95 511 16813
419 405 40682
84 558 84169
314 161 31541
375 476 67098
133 548 6747
269 297 54070
373 527 81352
394 492 59907
588 52 54212
9 217 26545
96 455 89690
135 447 13403
567 530 31895
257 261 57661
503 402 21536
67 93 90414
170 554 74011
163 98 94406
549 672 91130
212 478 94478
330 64 71211
248 353 64014
263 38 54792
372 153 53434
327 475 3532
157 126 48659
472 507 44067
455 425 83200
111 568 11841
403 322 78314
565 451 83081
661 553 83175
129 146 46412
574 513 37036
390 525 22145
561 289 24836
129 435 82827
589 324 10173
349 46 66781
263 667 23214
31 642 6015
549 165 21227
291 241 82252
405 94 37337
170 60 27789
382 668 7848
408 113 51575
611 199 49334
371 635 11881
661 61 13993
403 536 82852
26 214 89668
348 310 98453
141 465 63998
340 628 39738
562 70 78258
247 218 11866
27 431 84628
53 404 96094
132 201 74458
425 689 14384
600 308 82601
365 450 94987
9 211 81603
541 399 95835
289 234 76179
210 464 31119
403 223 76185
573 518 21548
594 22 17638
48 292 20372
527 250 52115
9 679 17743
608 152 48563
358 88 49207
328 233 12871
49 347 14698
689 149 22615
35 235 18658
485 277 14707
12 376 24756
309 457 64359
477 266 6831
483 665 83329
359 344 41498
113 462 53779
201 238 82078
627 47 70963
680 414 88711
8 286 80470
102 193 87993
587 467 74720
142 89 6899
153 683 79515
604 245 90524
408 316 52110
537 610 40453
205 229 3023
433 136 32356
623 586 50000
230 187 89943
35 58 88910
52 99 15366
183 383 70702
626 684 19832
289 177 11964
229 114 92671
141 595 60299
395 194 53814
369 280 24577
204 493 70942
141 412 34017
507 362 94512
234 181 42904
396 236 11579
147 278 9330
580 542 38992
174 378 82641
653 681 11240
577 107 13499
472 246 86239
496 57 33804
286 410 14563
506 131 51764
241 356 41275
128 456 57267
543 162 84552
412 581 63584
656 381 30089
45 295 16423
253 612 88936
404 173 53923
384 298 293
121 66 59763
293 276 19386
470 196 82641
656 524 77844
491 609 14017
664 275 18753
95 448 78569
669 385 1690
343 601 91761
373 646 82799
307 654 85666
20 125 43266
199 119 83529
676 319 15786
417 191 95378
175 325 37651
293 78 37490
30 232 8395
584 21 69306
283 463 70380
499 662 93475
680 443 55761
303 400 65810
296 688 97240
93 300 18249
450 454 41478
124 320 97015
306 630 1282
454 571 43214
340 154 93085
431 180 51187
671 166 9986
678 39 88867
628 226 70471
370 337 81696
339 647 3856
497 480 88405
570 108 81209
241 650 33013
253 418 19226
612 516 38997
640 624 94343
630 318 44882
377 192 57790
647 657 65204
163 445 78854
93 563 52741
415 602 91651
307 615 53034
470 71 6195
601 388 5163
493 357 92466
474 190 23866
556 259 48820
72 572 80919
156 1 54764
353 605 11831
317 19 65488
662 622 33368
452 342 25981
477 508 69114
339 90 30307
83 151 3193
648 582 9343
78 666 19226
77 4 14538
675 86 15486
508 523 10474
584 519 97064
682 458 24619
171 56 12364
136 459 99296
429 386 96109
516 17 80389
316 517 93572
529 294 17215
477 3 46523
279 150 34235
92 685 72001
563 127 29207
294 439 28399
34 460 58387
326 285 44341
347 109 10125
372 566 4560
292 14 57620
509 352 75012
356 354 17623
548 185 34587
567 345 91977
513 254 83069
118 239 26031
610 551 34819
345 579 45329
260 625 66903
72 91 35118
683 482 31807
666 350 21511
153 498 98352
634 315 75744
672 411 94657
632 502 51104
294 13 77083
163 203 52351
529 23 90000
33 82 83601
572 361 34018
372 406 4123
243 24 44504
157 389 27160
612 216 81298
544 636 51668
41 644 13010
245 287 9662
150 546 35398
421 649 11129
333 466 27179
286 432 42206
300 137 73834
395 355 5704
626 313 13441
634 242 96465
131 68 80806
222 43 1284
144 633 52282
368 555 84351
310 603 16256
644 564 45213
129 621 43675
177 346 59049
97 312 67079
600 251 46069
364 265 79826
303 103 29080
418 28 62533
276 106 86536
329 509 84690
482 206 91011
293 534 25974
125 60 50434
108 432 91550
151 66 30619
356 383 52012
167 250 68739
269 508 6813
480 603 85280
490 242 47971
386 543 22066
682 147 33417
9 91 88561
249 198 93202
456 169 77132
70 344 36814
220 510 53054
392 598 43487
261 389 76746
416 9 4477
31 214 91991
540 206 84501
204 34 25681
436 282 7282
591 557 80032
631 446 22703
184 485 31473
675 187 35420
624 448 80726
486 683 2982
409 24 70525
185 563 58013
617 586 40475
630 333 51992
660 234 84113
679 684 16512
351 178 84849
533 672 74213
264 426 24122
562 42 3503
509 450 93029
668 454 98415
164 381 53075
381 141 61923
520 621 34512
525 610 47973
287 91 71823
533 444 59115
96 18 53335
616 579 63932
440 218 62678
287 197 6972
517 180 48609
644 560 62327
233 210 22702
56 46 42470
381 332 44333
15 684 76116
319 90 73238
180 16 32777
81 275 57713
252 562 34924
187 209 22422
322 163 77034
598 396 50750
116 271 44036
63 651 89755
610 665 56403
401 115 50897
30 294 97357
237 194 15639
481 445 98770
233 451 61516
672 84 56953
113 681 47002
453 617 66175
328 499 95148
175 419 5745
195 131 73431
125 160 51541
580 216 4006
620 7 26209
352 59 8767
292 551 16642
395 663 28512
533 426 50725
252 574 58454
622 59 63329
607 73 74168
526 198 64209
49 597 66228
454 347 70641
255 9 12373
687 300 13844
332 515 84791
658 358 75965
42 430 31400
614 362 73555
46 99 58832
297 624 5424
347 492 59743
103 76 4723
194 331 71837
344 148 22601
175 479 30318
489 268 41989
539 129 40141
293 562 36273
614 607 36129
318 34 45843
40 380 16955
357 302 37119
152 316 65246
463 479 93751
385 654 55627
461 453 12090
206 122 97512
379 414 3049
45 338 59327
317 655 89567
344 5 25275
172 182 81732
585 333 13228
639 106 48487
151 311 1351
651 82 89315
39 107 88343
65 486 13482
653 350 87342
289 666 36050
647 320 14087
7 312 64842
687 207 25742
483 157 68623
69 127 32438
128 88 47504
459 636 55808
222 11 97492
398 483 25180
551 82 91353
161 40 41852
104 555 93633
228 552 16518
684 346 59399
196 234 32378
19 362 74731
432 640 47602
262 173 32150
578 390 31425
373 252 37455
145 232 23456
57 335 14702
99 562 25627
168 376 53108
393 571 61983
565 589 37249
644 331 17276
669 413 90407
344 301 53771
682 493 11060
53 458 14676
151 514 95057
624 432 692
271 600 90026
591 123 48033
456 507 74448
502 461 49476
499 260 12574
667 604 77585
536 416 69689
476 468 96589
138 619 137
463 553 90317
151 643 67295
34 545 39525
308 131 6679
661 633 59841
295 442 79314
522 419 64545
688 86 96014
149 561 78470
576 519 68074
647 292 63175
461 263 38454
4 116 14316
359 423 1799
532 214 5446
296 509 75237
319 161 17930
77 159 70944
70 128 61690
21 14 21194
411 481 60864
484 252 65040
510 255 56451
212 434 83128
44 276 35872
508 391 80509
544 20 13261
129 605 28064
669 674 10959
211 515 74886
271 56 19980
622 539 52910
547 179 24618
407 390 7333
689 253 7733
496 580 85658
122 254 36774
597 383 41976
362 182 97279
253 392 81151
158 482 94370
363 414 67406
130 91 87768
661 317 53421
246 317 66161
616 123 64139
177 245 6237
87 661 43090
602 333 29289
232 406 59227
196 563 70449
215 57 7467
592 6 35319
458 666 59513
354 43 30471
503 658 16768
542 654 15265
654 52 39222
280 473 349
86 15 75014
104 210 89046
602 244 27831
645 146 11574
599 423 97598
180 88 93234
586 410 38919
605 262 20310
509 46 57829
384 325 26155
411 412 22566
155 514 28212
281 246 37462
463 202 50425
470 620 38517
454 110 87861
300 6 64618
623 430 49278
222 69 64429
380 452 36810
322 683 44764
277 148 47518
82 428 15520
129 21 72589
322 310 54043
68 75 35746
410 194 48168
652 128 8077
106 169 79792
294 548 53480
627 689 78544
681 277 29998
199 178 96887
143 306 7041
107 627 4737
2 514 87573
514 234 65134
163 16 76337
61 121 41492
27 235 51131
265 172 31410
496 673 21245
5 182 48848
630 324 84384
406 431 61927
492 252 36343
651 585 11846
644 567 85755
75 447 74645
183 294 91999
150 378 41922
625 185 1882
507 189 19396
57 639 9982
241 355 62582
363 157 31238
310 628 51696
310 582 55770
325 477 594
281 659 33254
471 628 39933
653 563 15527
308 200 90033
654 256 60336
126 317 49828
356 679 95951
658 119 69924
166 248 53232
60 393 54916
401 493 83763
166 95 23606
489 58 22208
635 365 811
281 150 24616
565 275 78005
335 450 39256
261 418 28361
634 403 6219
390 463 25882
263 683 94698
285 160 4664
65 468 97702
228 413 92045
82 5 7089
520 389 69167
585 543 57213
459 623 2463
452 567 56614
4 88 8138
636 350 57628
203 634 21986
44 518 90200
451 57 45093
354 647 9400
585 297 43456
42 192 13442
457 650 98954
600 233 86269
277 236 44969
236 2 46322
189 205 57738
120 248 19174
519 520 69190
461 183 41300
407 587 43767
381 448 70947
209 215 94800
660 126 43685
119 222 40173
354 458 93793
249 646 15595
597 585 26594
84 234 24490
137 5 34032
146 231 45956
452 612 62134
79 131 56128
176 610 97698
505 39 8865
380 392 65061
77 460 56618
157 367 5521
125 271 18323
102 407 56466
81 372 12999
467 643 47728
611 542 90446
280 28 23756
584 353 66628
420 552 64032
533 628 62287
602 96 35484
386 220 86443
404 142 17058
427 42 52276
680 328 52217
675 249 4178
111 349 19310
666 243 41298
391 482 43018
507 325 85557
213 237 17215
286 442 64585
449 157 52155
329 403 46660
401 393 77705
606 198 40125
483 128 73697
207 614 8822
284 315 38012
223 641 42679
100 164 95792
402 270 19224
234 538 14944
27 178 72122
550 398 3756
532 134 73925
74 616 56722
652 642 8607
604 236 12559
167 458 16257
235 378 14692
178 599 43346
563 143 88661
235 678 84047
309 358 81779
595 201 50425
389 274 10514
131 56 81356
485 659 36951
465 137 3966
395 191 84308
129 188 95192
132 571 17554
493 625 3548
161 245 16185
227 659 33170
605 179 10979
550 309 6957
447 104 46276
579 388 66949
300 94 28006
218 42 41591
554 683 10574
343 306 82602
120 466 46149
75 3 21322
229 428 65692
657 288 68685
271 554 22555
363 443 72566
412 563 34973
470 600 40819
27 465 17098
663 118 85174
546 58 45446
672 132 63339
408 180 38335
502 147 64595
35 237 39826
181 420 979
25 142 84722
651 611 42658
269 458 2683
61 431 49646
666 287 36149
179 90 62025
564 497 76795
326 130 7791
376 673 61967
289 673 34656
465 8 60102
514 478 15367
294 58 42040
537 627 34342
29 423 23932
87 602 56957
276 296 54738
645 621 82967
111 307 43032
682 416 41134
115 11 66192
197 525 69528
21 638 8314
302 305 99647
145 334 28701
94 240 57272
132 516 81403
486 291 6724
101 401 30535
388 213 92660
478 147 94077
67 164 35860
643 184 60666
406 306 3882
107 270 82448
230 363 81568
85 314 63267
235 619 4339
136 30 96222
164 237 49939
607 26 67440
372 601 41532
300 374 3933
357 600 96681
538 17 70470
183 66 32879
67 150 89920
287 204 63626
107 159 53317
148 323 34726
401 60 16284
620 251 13238
494 551 95114
191 38 70227
13 395 38223
104 577 44154
557 463 61643
274 60 72092
100 676 98577
465 134 71631
378 534 83913
315 464 62205
493 88 9661
356 98 19651
128 110 96056
426 213 37675
99 589 42427
431 173 73580
96 93 35471
609 557 40674
575 245 55479
421 380 47325
517 183 74097
474 358 56077
288 306 73595
496 42 29822
591 140 57638
279 570 46960
536 666 61415
599 405 70671
106 291 25804
146 22 26747
290 358 19441
341 142 82646
489 249 19294
567 55 34903
169 645 22683
688 54 27923
1 410 71772
96 319 36454
567 245 9950
593 210 76173
130 499 97327
358 150 99424
254 459 18466
456 336 34156
9 324 16872
211 322 9040
114 323 67888
501 238 61590
95 624 30818
308 347 63754
362 476 75020
84 144 87766
636 398 58070
387 164 43174
372 681 5602
641 203 2993
275 316 98657
137 127 37657
138 42 23367
563 169 97942
149 531 55426
413 614 64313
466 381 7250
289 587 87178
267 270 71704
59 221 83509
682 495 50516
69 632 60848
382 589 67311
629 283 79854
534 431 7352
225 154 47131
388 439 14967
260 547 29325
114 124 24359
649 3 49644
8 504 97869
11 573 53272
141 265 93794
131 205 66605
110 49 35458
619 93 91724
184 480 23169
457 50 4213
119 164 94383
559 632 82927
531 640 21893
128 650 77234
685 610 35662
632 52 4190
173 161 13464
143 600 18909
596 94 68485
289 370 2147
348 489 7071
351 358 71312
536 19 94731
176 655 27843
567 650 31494
354 593 72996
165 585 64906
533 38 98222
304 453 36427
375 52 94487
315 220 1727
238 570 15209
283 237 68223
608 412 74991
204 109 88782
409 283 19743
486 267 18126
34 111 35741
1 234 64310
61 428 43355
310 53 93439
359 290 8944
76 393 72797
320 311 39594
530 334 86569
12 53 49382
85 358 32222
54 391 81257
389 391 99043
667 271 86767
128 581 62929
137 250 18245
27 325 73084
661 464 5824
149 305 44307
434 316 36379
132 220 55034
605 93 81531
500 481 14089
448 459 89136
134 406 33861
562 543 33639
411 389 36382
471 360 10312
153 508 63124
676 252 83599
383 203 91480
448 119 21243
34 438 8630
10 16 34301
77 149 25258
35 531 7644
62 252 74050
413 542 29977
359 5 98665
608 501 99388
304 194 81525
39 461 77299
46 494 67966
534 324 85272
431 400 32336
45 255 55733
200 316 6412
564 549 57456
418 218 31042
270 645 71475
194 79 47837
650 626 31515
534 672 87685
167 336 63141
323 78 63370
628 122 5879
594 141 57010
122 524 36793
12 252 88243
595 522 74484
120 535 62761
347 495 77259
346 160 39219
150 326 40918
96 468 49361
442 227 89805
173 640 69894
220 73 96380
125 84 15593
68 498 9844
475 437 78520
91 94 35851
333 440 42782
377 409 83631
68 324 60021
524 77 87936
233 249 55812
591 468 70059
94 413 88133
538 480 57427
634 85 49415
396 684 28285
472 328 41904
198 524 61604
578 591 83230
47 426 70150
252 478 28242
407 379 14517
454 292 65766
404 141 86584
162 594 35102
356 120 6784
643 591 95241
321 608 39691
586 316 13754
306 183 50440
611 434 39553
476 660 83690
628 244 79231
323 647 58119
497 119 30197
575 294 73986
647 67 58038
358 387 8784
412 104 42556
367 229 19376
568 151 43531
376 446 87184
383 204 36745
172 526 63994
430 153 59061
592 38 71360
5 684 12824
9 172 41707
440 583 35966
497 81 11534
48 468 5855
540 663 96227
314 356 64462
659 347 9029
453 87 159
4 499 5657
538 323 15954
269 151 58996
566 590 90823
98 398 8838
367 445 96184
277 115 76062
272 428 48512
470 218 25470
504 490 32348
510 493 48400
553 161 31259
590 429 55313
619 126 45699
542 43 44971
364 409 72505
654 505 20887
48 596 77302
666 376 78493
73 10 4806
76 339 31653
396 22 30395
350 431 13853
455 361 40087
460 213 45062
682 576 73015
479 360 29800
390 408 11643
549 204 15709
236 276 34674
412 171 17752
392 387 37895
172 47 27409
380 501 45288
534 91 98707
549 592 80151
104 381 18509
162 591 89840
636 450 75361
106 686 51485
95 408 15966
421 619 853
80 610 70108
169 301 62690
438 654 73355
230 513 14367
417 616 74584
455 598 23947
31 544 7053
498 469 51451
372 563 61946
237 115 86541
667 14 55632
95 2 83070
204 439 25294
223 668 43717
653 395 95003
86 670 41654
109 520 11665
402 148 4392
1 340 87214
517 576 61529
603 373 81584
100 468 74787
406 491 86425
676 533 31556
80 496 90330
609 582 97608
357 510 43229
648 222 35258
30 223 8826
483 559 96251
181 472 31089
72 391 67096
473 107 66961
114 93 20390
62 682 58102
404 601 54679
547 269 34067
339 47 36024
279 76 95647
378 379 91233
543 558 92972
32 449 5549
676 232 79331
433 165 88665
541 226 60917
276 450 7441
592 127 2593
549 285 41685
38 384 45462
258 72 1135
676 435 70234
188 466 34340
91 272 945
609 15 40119
530 376 16123
264 651 2933
598 374 30861
511 53 26783
290 90 42309
145 167 2616
18 153 87601
448 341 44705
637 251 73727
9 170 92573
415 10 87039
177 93 98874
208 1 99109
365 511 21810
626 621 19352
582 585 87381
609 602 778
381 360 1569
438 128 95303
77 136 44958
240 550 71902
598 546 37053
49 573 64201
561 248 72292
437 5 3009
41 406 18165
501 325 18896
244 525 91785
147 93 54821
300 678 25300
622 229 59691
84 646 74118
148 5 71511
393 566 99084
99 133 83618
605 173 126
137 493 51223
271 47 24509
76 193 64688
516 492 61838
403 244 24884
151 328 40864
264 295 41354
80 687 9112
144 96 82299
212 520 80267
505 477 90395
253 58 29814
525 642 32794
200 469 78287
373 2 11248
593 152 19932
81 235 41391
263 315 39824
649 458 20228
479 490 85609
301 125 54133
615 378 77399
107 213 30838
481 233 1976
477 425 16112
27 328 49287
234 409 75620
226 491 66620
35 450 21370
449 239 39840
5 539 22155
545 285 35888
454 391 21899
316 2 44876
285 298 66656
256 145 44827
379 380 3899
376 423 34282
687 457 12383
406 217 36854
615 41 4311
259 585 5150
100 350 69184
662 485 29205
588 589 96205
248 156 48726
236 354 23052
452 40 76925
469 546 66520
247 82 12065
83 7 99168
277 85 14666
67 4 3252
67 486 44820
577 384 24993
7 451 76235
90 687 80536
550 449 97163
234 49 9087
15 115 37678
11 197 22774
557 293 19235
309 359 62946
410 245 75807
635 642 35397
250 468 8372
530 558 55909
473 418 81906
276 472 20645
443 486 860
512 316 75756
588 183 49644
59 491 44024
551 31 28081
331 665 31018
133 46 65391
566 575 79926
127 178 30378
646 273 77318
343 536 19970
155 358 54046
162 76 95067
282 134 74048
72 685 94242
615 146 84114
241 278 17714
514 664 54924
476 610 76280
166 386 11647
327 40 53761
613 194 40299
16 175 10385
111 457 83255
8 348 54557
444 93 98
675 333 55274
263 666 28457
244 452 8259
223 437 43880
295 74 88670
212 506 27136
307 522 84090
478 632 92822
602 459 13708
541 33 58476
445 19 90847
626 101 59859
602 344 61791
498 387 43370
90 681 81915
231 23 97393
384 150 60203
532 627 49059
447 359 87063
529 30 35754
523 474 95596
160 410 17007
463 322 5854
348 130 3825
669 40 6214
375 270 66782
407 653 42178
270 496 42787
585 73 68215
670 422 89370
607 75 89997
53 235 58073
108 517 22056
326 175 73850
62 154 6392
477 349 59295
46 66 8751
453 155 38848
617 51 42407
270 540 65840
641 457 51270
107 329 5894
312 256 73219
149 401 47739
115 462 72823
630 70 46738
544 624 66876
422 208 93440
435 135 8191
521 225 98192
338 176 82844
50 103 6798
685 414 54356
458 562 80427
45 496 56133
295 256 36742
203 620 89035
686 172 55190
454 607 10697
272 438 23769
449 595 83775
213 645 13416
305 640 38060
472 229 12466
350 93 94132
510 387 22152
559 590 39470
543 406 71188
44 170 56152
189 441 69473
558 20 60638
234 232 13621
11 356 1611
22 647 46881
593 307 80817
102 128 92595
376 686 45303
70 359 89465
445 403 51224
228 591 22418
88 280 1238
543 333 3231
263 163 35194
443 4 51482
162 417 48873
483 518 67148
501 204 92104
419 94 96422
562 538 51645
5 586 52117
577 673 37957
479 526 92940
252 609 63185
200 362 70401
285 524 43404
496 317 92677
655 128 40373
630 366 25960
274 58 53329
321 62 62280
598 638 54989
465 247 75740
484 318 87211
665 517 58308
670 621 52262
582 427 82594
652 212 41898
236 152 91828
422 246 21848
456 386 15885
387 294 80004
121 69 15442
200 372 58133
199 347 59622
559 329 55038
573 40 9605
34 2 90472
131 57 22444
593 478 1944
243 245 96968
643 451 59632
122 391 44244
356 590 43743
218 608 37666
596 297 80060
36 689 63384
591 33 63964
669 163 22170
30 575 80315
144 128 8078
135 590 67739
238 531 97934
410 197 7106
83 414 82467
103 140 65970
450 175 42582
477 586 11246
505 385 13861
589 414 58604
282 378 50972
39 512 55903
246 60 20698
663 289 93500
112 372 16091
168 474 97146
340 55 75352
512 531 60312
537 346 58849
35 65 93408
616 347 65931
456 205 89738
197 271 8108
288 64 14342
575 175 19477
407 162 77530
199 502 84913
165 144 21361
536 680 18133
602 25 46455
393 461 70288
381 47 14061
191 63 61865
570 350 27985
548 56 35877
208 462 51657
161 480 73997
169 644 45478
17 310 93699
31 223 48870
618 435 69596
173 127 6848
621 137 32879
471 526 84740
384 385 55929
471 411 62536
540 392 18060
421 381 97850
446 216 11275
281 247 84478
140 683 43570
100 166 70834
286 98 56007
354 388 7195
592 82 55093
196 372 19175
82 43 76972
447 463 46100
586 39 47920
346 139 16915
148 99 99541
565 198 66083
58 483 46955
377 656 20373
353 559 14321
23 574 64676
612 655 55797
215 412 61680
16 129 27804
33 294 47865
296 442 87086
372 137 15062
613 195 54992
83 391 39755
628 54 86793
386 76 35682
335 687 48959
326 32 61033
599 557 86107
222 589 19103
493 15 60849
352 386 71267
229 310 37542
587 392 99329
43 150 80174
566 535 35169
465 180 99841
149 325 34808
64 235 18875
617 456 16313
265 259 27683
174 431 68879
399 659 38686
637 376 84059
397 239 25370
389 115 76941
277 399 36149
162 367 58792
587 251 22900
191 178 72628
383 442 55842
589 615 59626
312 144 31746
344 600 27193
407 307 85722
111 516 26829
349 103 86194
406 264 12777
279 670 313
206 171 34909
589 553 52019
361 273 12491
383 584 87591
374 59 47564
560 465 75388
116 395 51235
475 54 42978
363 460 17753
438 558 59423
254 584 3216
67 483 32738
321 663 24729
320 356 31715
282 549 8732
155 239 39838
154 354 50404
488 648 17368
235 322 9584
65 579 85843
564 653 69043
545 30 48164
210 171 79047
146 310 21317
306 592 6719
524 566 78797
338 539 39626
546 337 99680
627 391 61506
299 455 37880
528 149 45465
471 5 35521
207 34 43715
245 688 98889
638 305 4984
21 139 93212
331 296 55312
306 152 58870
240 599 30511
314 208 20691
98 46 88832
534 336 38150
311 362 34086
77 606 17721
333 554 88064
311 394 86550
674 35 36666
377 341 5165
236 580 9416
305 24 91706
139 122 21525
122 655 84267
108 96 44447
637 173 81111
475 325 31927
437 636 3613
357 440 7670
64 128 51018
252 183 66041
348 488 97892
652 626 17155
131 58 52942
455 675 73476
630 442 38825
542 47 31525
137 303 72910
126 659 56191
149 543 53032
512 105 5950
585 272 78158
681 54 73994
539 185 65939
542 639 41197
460 399 33854
551 71 61630
277 208 12588
458 333 89629
209 481 45771
88 123 2530
658 18 69322
337 518 54203
461 367 78699
463 39 27076
270 319 60133
518 689 58979
632 276 71894
359 553 18842
565 72 23844
623 668 21565
97 636 78045
351 283 23880
149 564 59871
461 337 38961
541 607 67328
331 435 83797
192 198 19892
259 376 48522
479 251 25877
489 185 4990
622 101 24512
591 451 29898
209 419 27844
194 190 640
217 42 73131
378 372 11874
538 383 62145
104 642 52883
222 431 90070
51 50 3123
39 491 27276
483 213 48202
340 421 3751
71 614 88975
138 650 63652
123 158 71562
182 515 71685
618 619 52265
560 659 15792
573 21 35165
261 568 15598
558 181 35134
616 340 50356
224 410 4784
201 368 37376
548 490 64517
577 491 70001
120 239 57369
304 109 24196
49 682 80008
533 73 46146
638 451 30768
86 197 12829
643 420 87466
256 440 88024
339 118 87633
399 6 98166
284 634 98119
607 249 56727
211 297 64058
163 649 39586
683 417 26939
515 502 74318
686 456 69120
577 22 49377
656 180 62386
354 578 96062
34 173 22089
460 90 9082
126 120 56480
293 283 48505
353 276 68048
173 101 66596
10 606 10855
87 494 89256
603 280 55528
367 633 90537
137 486 80637
360 77 83196
142 202 22408
40 315 10986
587 667 78723
173 150 72737
80 669 5858
442 66 81902
645 488 88893
159 165 47167
251 121 54891
514 480 10182
687 441 2470
111 481 95813
325 198 46148
126 370 96766
537 269 21983
684 21 74567
635 486 52950
685 464 86813
678 25 21275
288 539 45718
483 356 1929
191 286 62738
212 611 60297
31 47 79007
508 403 85461
275 397 6867
616 162 32479
66 157 17824
189 655 69792
433 73 85370
288 556 47753
583 566 79350
669 597 23849
263 447 43620
556 265 11401
609 359 49399
322 105 72221
520 679 36053
492 179 20767
309 431 97605
664 29 60395
326 431 11607
453 410 63405
141 493 78290
564 359 69377
12 98 42298
366 419 4321
192 249 8397
683 52 57689
451 180 73471
291 155 1462
506 300 59940
417 63 11644
415 203 49573
680 586 20029
521 598 41178
540 94 36236
663 285 4979
267 278 97933
378 39 84889
231 149 67569
621 654 93725
572 381 59058
424 616 87416
408 606 22419
242 257 91818
682 107 45012
162 81 54221
400 167 88201
689 365 67720
289 595 90380
551 346 32929
604 228 90619
358 472 75912
135 190 34393
677 251 84493
78 63 35807
441 45 41710
219 444 10598
274 264 160
8 552 218
71 233 12233
607 147 79793
654 325 63596
628 459 96862
338 266 15973
304 343 62104
197 603 87844
170 132 14523
639 225 40072
273 233 33028
322 123 26367
535 40 81111
107 513 72668
659 271 21158
23 608 32647
146 223 31656
151 239 46844
381 229 65135
5 178 58377
581 450 26994
150 591 45013
640 257 61714
408 363 84068
320 153 71633
1 175 75155
456 140 95477
564 290 68405
405 490 68353
377 314 73214
394 205 99500
462 174 80131
653 125 94637
193 352 55514
575 672 26356
30 492 4025
601 259 37197
16 642 55271
178 179 95148
569 374 54996
267 587 74888
595 360 36905
645 323 18359
261 335 49416
569 221 70038
520 250 50438
465 161 90559
549 685 71112
54 682 38939
48 381 42822
175 648 73843
687 373 58994
504 148 59640
264 409 70198
376 288 42032
290 628 63126
7 403 41338
490 263 72144
57 136 40301
490 183 97808
428 357 50584
443 175 81776
637 498 87865
464 581 63489
625 88 64161
318 377 16235
79 203 56439
510 513 5618
66 389 35394
304 190 57266
54 617 26230
270 190 33524
350 137 16053
398 600 92175
673 355 27658
367 672 8891
688 571 86310
34 391 66827
150 456 21553
222 580 89425
475 633 45969
36 213 48675
460 383 89240
512 600 27303
276 403 33061
126 81 48547
173 588 69589
423 621 53877
135 591 73554
416 123 68921
17 417 70489
234 453 28842
460 223 25754
133 555 98146
225 141 93154
492 86 7643
232 259 57847
362 501 16555
13 635 73034
119 362 95381
625 378 24510
384 432 19353
176 202 97081
170 155 73747
583 199 74229
21 1 26185
227 52 71208
152 233 79256
9 245 33507
275 184 71866
664 119 67405
600 322 98795
299 498 31062
40 487 37094
156 381 76897
231 401 50826
392 447 56485
122 599 47108
172 607 9277
348 12 192
15 675 21478
569 585 27271
356 194 46413
674 54 53713
456 209 14611
437 259 71317
239 651 15121
92 83 36574
177 255 35878
327 422 2419
480 256 31576
62 136 80564
655 311 52381
186 295 44109
204 62 62198
422 498 80877
171 47 59033
547 647 35169
471 135 37597
313 281 99823
166 581 77361
513 642 53966
67 427 44784
324 613 97230
453 636 32044
611 189 58826
338 359 28403
26 36 97257
305 507 28849
659 130 16103
55 295 91913
396 627 77756
3 5 84552
101 148 75064
133 420 35708
406 341 64743
127 678 49837
584 523 38813
310 139 35542
678 108 8605
458 162 27716
129 378 73507
442 380 26540
312 300 39196
105 432 55583
533 657 70604
281 95 65133
387 678 98204
528 118 37688
487 107 4830
394 564 32156
416 513 97027
375 265 53408
158 396 46081
88 500 4981
257 343 62149
78 623 60060
397 320 59820
549 159 42332
659 465 52798
7 678 90968
25 224 14161
241 598 67429
147 575 51675
352 662 58314
629 230 23053
185 307 43340
343 523 52657
490 202 22522
575 680 88476
76 686 42772
141 531 62180
358 82 87504
150 228 10689
337 399 21876
334 339 25702
494 343 76418
587 685 39158
130 306 28475
341 191 98410
326 266 21086
120 227 94068
138 584 98030
573 45 70027
204 381 5196
317 26 92164
659 339 93080
259 236 707
561 365 58513
195 16 25181
509 162 53509
640 281 67167
431 238 47611
304 121 78622
223 325 28226
541 641 38383
328 431 48498
277 689 1910
222 380 83979
291 394 17228
42 34 90131
567 673 78163
629 234 43505
405 537 57306
226 580 62960
427 431 82342
293 579 57504
677 675 48512
427 27 43579
361 318 54827
311 179 97018
242 56 7589
274 504 96960
363 39 30455
63 264 27158
417 510 92264
542 113 17935
408 609 97250
93 166 47269
157 527 42855
614 657 92837
236 30 83427
349 123 65439
7 485 35539
22 367 39646
106 94 55039
261 635 87398
305 173 34274
155 265 81226
31 421 44935
224 166 42628
595 401 80788
152 569 37577
32 576 89203
639 597 76620
641 522 95490
464 603 28156
219 38 32119
582 192 88596
242 42 8459
248 265 79240
42 679 14308
553 141 37604
318 681 13382
566 631 21153
312 402 71722
152 176 6409
266 394 10444
43 107 97427
594 168 47332
8 416 3011
275 457 40950
74 320 60925
441 637 28376
514 334 95192
494 645 1018
126 616 894
361 192 14919
633 55 61016
227 468 53114
552 475 52498
453 570 85444
163 643 65443
13 214 30073
364 38 84887
656 531 90152
481 476 74063
661 147 64773
185 599 27106
685 646 16953
483 508 59123
516 91 65561
316 73 66926
435 86 84469
142 269 47923
182 236 94792
687 27 13150
609 507 93052
542 2 44943
530 506 98952
296 119 18762
356 634 91033
297 260 89416
190 515 74837
117 656 75671
260 658 3460
574 655 59222
674 394 60202
51 66 21318
536 595 3587
288 21 92824
548 197 57880
209 493 67844
451 502 20864
90 618 63364
506 9 80229
288 582 61611
96 386 81572
230 256 37588
185 612 56766
466 210 56056
177 68 94582
521 96 70608
255 547 34708
504 456 87701
30 272 93863
33 559 64337
510 474 12272
511 523 30720
577 527 64622
369 124 29281
182 300 59812
10 640 30893
331 205 48293
464 19 19552
345 557 87636
235 409 5060
16 49 31045
512 379 25792
574 267 94267
378 635 89111
391 636 70444
472 646 45201
649 107 64873
502 390 66677
122 45 13974
521 99 19698
610 115 29105
302 446 23768
517 330 57625
389 527 20145
384 228 51033
498 11 77573
562 479 54021
470 111 47788
397 232 13870
12 574 95187
35 313 56074
435 614 25155
16 441 16797
372 649 11973
674 343 56315
53 660 25987
77 532 35529
27 313 65938
366 529 36764
569 540 35644
182 394 341
418 140 78252
410 155 78815
551 527 12650
349 331 85217
555 383 66961
590 279 19432
235 125 7504
170 310 97853
156 189 37155
535 191 28757
536 608 34466
282 149 61697
469 10 84427
435 179 22800
54 44 60552
153 453 58903
95 687 20929
677 676 61713
590 652 27829
683 317 14462
660 672 10389
416 265 24413
326 44 89682
583 298 18167
300 171 66183
400 324 92420
597 238 16056
230 225 19378
680 635 22799
630 628 11018
81 418 68024
649 144 88419
675 289 67370
351 182 17526
385 482 56807
282 12 19470
632 608 57650
619 657 78851
592 648 13628
348 408 66432
419 489 98723
473 268 61318
611 73 99561
612 424 14232
401 119 28129
181 221 1804
103 163 26863
263 92 24236
138 503 39282
287 161 32533
554 580 18451
369 183 7424
327 105 23865
393 27 57454
641 248 26357
501 248 13109
192 170 26481
491 432 82528
577 389 628
441 675 36282
23 359 67805
603 38 12276
580 184 41760
630 577 23626
54 528 24456
286 160 84704
48 351 23840
302 152 32216
646 548 72332
624 119 74165
74 142 36852
102 55 26409
642 634 36859
597 395 67761
399 448 49698
267 553 94447
383 601 36515
488 33 86411
335 678 68372
391 613 54381
433 686 93324
144 607 87299
581 560 92786
333 287 33648
661 685 67338
648 263 20214
284 465 21735
600 83 98382
379 237 32682
525 628 57967
100 191 94166
506 334 9084
96 45 47699
140 378 51770
578 169 28572
595 127 51615
475 231 5603
595 142 14375
238 519 26498
378 175 30656
442 274 1013
141 90 90772
447 185 9990
623 145 11876
37 33 96894
315 447 31095
495 52 92572
450 646 34191
307 14 58716
400 392 34516
252 653 32325
473 104 61818
159 551 93942
398 304 70537
325 340 25250
420 474 25420
642 99 74906
405 368 28148
309 674 67173
371 205 57368
97 456 40347
97 59 42980
514 37 57997
607 434 82152
664 69 34512
574 489 92702
241 441 91986
468 666 70668
472 285 26772
670 655 3146
209 571 63150
581 487 91444
187 312 11505
163 49 616
262 533 19710
12 417 49327
236 477 53265
378 75 7744
198 547 63306
512 347 78666
161 375 88340
265 266 57355
248 272 14826
267 254 87398
539 516 61958
191 527 80108
151 582 67267
552 90 98340
59 288 34179
360 619 41956
445 600 79039
592 684 2125
357 62 54195
252 328 93243
376 687 34126
163 188 11355
366 339 17630
176 21 77642
570 588 62057
131 78 97646
368 523 3907
470 245 27637
477 601 92982
67 673 11448
600 359 83649
598 522 45646
434 18 46766
672 194 56625
310 583 82967
235 533 21800
418 211 68143
512 500 93983
420 288 56673
389 354 20096
506 84 22593
620 502 75176
233 246 41600
3 228 5484
303 357 65167
321 591 71180
416 140 81829
345 471 59802
518 201 23574
422 409 43691
310 226 13397
376 156 66816
94 208 15302
9 212 9190
447 333 26119
88 473 44499
262 19 78326
647 183 15155
662 11 15326
275 253 88172
241 382 28789
111 577 69881
302 670 40740
230 498 4485
25 255 17740
176 343 63471
49 604 96182
570 381 84014
363 353 20951
685 627 80016
38 688 81305
124 618 47410
366 231 69858
636 280 22952
426 304 79473
369 299 53642
603 168 286
167 48 50291
603 231 30752
360 226 14300
9 83 28272
548 27 2416
465 212 3548
182 158 63321
396 584 7276
176 83 77884
627 686 19642
484 163 27227
361 76 32146
81 255 66076
248 83 835
233 630 14269
327 225 43554
470 406 45780
204 621 41785
240 617 32956
215 554 15468
537 168 85501
38 528 43421
637 429 26530
413 676 31195
272 220 22368
156 366 96514
252 146 90786
506 169 77191
293 229 2498
163 443 36700
28 291 12785
384 148 48341
126 95 6822
451 328 2527
169 599 63728
336 65 9192
38 137 42467
654 462 43224
512 66 35092
298 227 95954
457 74 61802
94 457 59863
79 402 38634
492 163 64191
23 151 70072
281 486 54194
216 523 60109
116 487 49949
4 310 81850
301 427 72417
171 14 69819
331 107 75910
638 6 17756
679 317 54592
359 339 1258
636 440 96475
109 655 53106
227 590 45586
117 593 83808
72 24 70270
253 194 41671
327 344 27147
678 112 75039
233 102 41224
279 460 95523
655 406 67073
648 335 16009
475 561 33853
608 678 47477
181 569 91971
180 132 95994
192 278 4993
130 267 95184
583 319 21551
663 597 31933
212 382 29105
201 341 67261
663 635 90157
337 373 96796
423 553 52676
352 43 46565
475 55 64633
253 183 82790
651 586 18791
461 378 59931
41 590 7468
355 610 57875
315 403 80610
146 50 21258
294 292 79978
321 644 43391
479 429 36815
554 501 87396
207 462 19230
686 233 40834
204 93 80436
103 448 5108
671 73 30859
495 38 7892
2 331 67333
61 471 33855
671 80 87099
465 633 48411
441 150 96620
313 656 85982
563 170 32075
352 92 80357
62 73 14440
174 567 8128
155 568 90920
248 448 15491
115 429 44757
411 204 59703
338 644 26765
546 88 81087
298 470 98951
652 132 4176
254 193 54636
258 186 47292
298 161 70697
669 228 37532
640 343 91187
2 64 68476
505 221 73147
468 77 24428
398 195 79505
496 157 35165
506 230 80165
587 487 45361
546 96 71350
202 584 9112
486 354 8852
328 175 74021
14 679 53029
343 458 42495
579 166 28401
86 481 75525
53 117 47872
213 524 92584
379 381 17790
15 581 30761
388 197 63340
414 345 60282
323 358 13995
452 11 18538
298 589 87702
337 494 20437
533 366 20920
89 579 76489
640 268 34436
598 102 65457
89 490 7085
623 34 66857
463 357 13249
292 119 35759
578 236 58814
160 573 78270
551 236 29291
550 324 8394
203 274 60939
235 2 58276
668 600 42219
608 533 21619
23 306 86849
664 597 7289
266 305 41784
276 284 2384
90 146 97317
89 6 90806
667 209 59083
642 263 68992
539 241 34943
236 668 36627
476 1 17972
382 484 25678
227 569 61928
308 155 47129
271 244 69012
290 333 81200
631 310 60182
557 82 40393
125 621 3640
471 676 57009
481 462 51002
617 155 47925
480 381 67182
647 688 83940
409 90 76466
136 379 6756
558 320 66851
318 8 17690
161 132 33899
65 422 74048
636 34 76109
338 470 10577
524 260 33796
590 217 71199
630 446 41520
224 581 25724
151 449 47320
26 587 49039
163 567 32576
51 631 32874
106 577 70206
262 226 11600
572 569 50029
573 289 96476
213 229 81718
631 273 7470
558 243 22226
116 268 35225
189 431 70507
394 301 48062
660 226 24900
450 487 84725
349 369 59109
687 73 47939
192 285 2448
143 227 48159
674 604 8179
275 30 16655
103 219 23979
677 432 64049
503 403 27266
37 671 6088
305 330 94741
453 147 59723
200 158 88584
175 300 90140
243 284 55522
552 379 82992
260 481 70646
398 288 34707
657 101 40752
452 647 42634
44 262 84656
5 25 494
547 224 19328
685 219 39226
179 281 34955
277 652 77795
225 223 86619
390 440 31933
118 407 61798
246 169 50170
176 213 49069
434 37 66658
659 404 34525
352 399 55116
344 397 25646
440 494 21589
45 29 75952
130 418 45417
502 535 61327
106 92 5
355 87 51185
686 520 25959
353 309 84050
63 480 30393
500 135 55128
528 394 30127
338 439 54734
551 388 66890
154 201 50359
343 307 29539
341 480 63416
551 477 52997
618 649 98777
218 22 52785
217 341 54248
432 179 38120
451 516 14898
498 197 54848
93 170 6255
223 513 30916
264 673 79001
211 535 15929
678 283 24710
75 500 39868
640 536 16518
291 278 96657
335 548 1873
128 176 24471
128 269 9865
149 311 35735
474 575 2085
590 605 76450
313 593 68437
684 667 94799
207 438 69578
70 548 80603
111 193 74354
308 140 89210
12 267 8414
574 235 15028
91 20 89533
100 429 60752
643 562 32627
90 556 36636
365 583 9213
487 652 37309
198 583 75395
96 201 22016
349 212 64724
2 605 9772
654 515 88077
322 614 94991
594 567 62793
81 476 32544
55 152 44112
285 458 46718
374 655 20665
654 570 84178
385 230 78079
202 231 95880
73 195 6021
144 336 77880
463 240 20612
654 141 2651
22 195 18797
482 299 54979
215 672 8150
530 457 52665
176 661 77732
33 682 24469
314 65 91551
421 208 84862
273 490 81505
511 454 97755
535 476 86599
531 88 57250
115 302 79719
353 651 29402
472 137 11962
640 169 8474
169 302 28710
581 34 77097
459 126 48627
577 636 22442
654 301 47439
237 651 84081
627 76 46381
310 429 87707
90 31 8588
20 491 70750
452 659 86425
439 371 77984
273 140 23307
88 536 75709
177 501 21488
560 48 95794
342 494 69955
244 623 19418
108 23 45903
107 44 10788
95 494 71245
204 63 2473
346 335 22037
613 243 95088
466 239 52086
619 620 63277
225 270 2262
236 334 65112
165 441 81227
454 367 78922
544 281 66670
604 484 89532
344 140 8253
44 572 20514
100 348 48757
655 98 40420
389 322 95937
615 377 61687
595 542 58081
89 126 93706
642 670 22961
311 584 64972
550 58 65020
255 611 95465
22 21 15665
27 495 63458
470 194 50989
493 629 48214
669 534 90901
416 442 24952
529 395 77507
54 525 36162
63 385 87038
31 460 68522
570 481 92054
588 328 93367
523 108 35739
91 420 54134
35 219 97311
340 634 46498
590 293 13319
132 347 48092
256 229 56700
258 259 47396
361 648 73397
124 367 67106
562 200 1647
324 110 72956
25 144 42719
79 303 1720
395 24 43664
236 155 91512
601 230 10235
662 488 97556
312 668 48940
263 103 63698
541 664 37991
57 298 6457
681 142 33659
654 40 10499
391 435 61927
421 490 81802
616 402 22637
171 194 87822
492 325 29526
83 588 56153
549 439 77422
526 496 12719
432 307 65233
481 272 99570
653 662 94932
668 213 64637
328 140 89479
38 130 9806
234 621 5717
229 15 66961
506 563 60643
577 219 4760
76 470 72267
225 82 38587
594 45 89087
527 533 133
81 680 63238
36 28 88636
4 82 90235
477 310 33325
667 636 81603
247 523 89413
322 419 63209
15 643 53003
487 367 69293
63 205 74004
541 105 65289
288 650 82138
345 653 96019
153 440 69161
484 238 41365
688 304 6404
62 626 76995
86 640 51074
10 257 11860
668 140 70635
300 680 8387
612 98 98243
262 263 66360
502 234 34805
182 28 70540
678 536 34207
138 597 30564
525 502 48230
685 512 25791
523 310 52334
565 610 60695
532 533 14112
278 613 17571
168 245 77660
138 426 44053
344 234 82002
674 191 13623
251 26 85771
287 531 84154
580 364 61712
322 60 25151
384 411 39760
34 688 87676
454 676 13973
419 124 55107
412 287 85148
70 92 10497
325 342 24502
213 629 94587
611 339 16259
630 480 92857
389 174 49119
319 27 50584
352 301 96314
269 30 37466
103 261 44579
679 151 51860
67 475 22576
679 507 4955
443 429 24788
391 189 50760
397 398 59919
125 27 66374
540 199 87697
72 467 34251
236 389 50087
686 378 17208
359 265 65588
373 254 80996
146 8 47587
77 398 59776
667 105 10008
382 49 54394
124 588 96962
674 479 68036
565 25 6369
537 531 29814
658 200 48866
205 572 4378
439 537 7289
231 613 73857
212 410 13291
410 103 74708
126 46 25045
548 30 60613
59 415 51583
468 262 26180
565 50 68968
237 255 86170
671 513 99092
424 54 16169
393 266 37216
287 675 5800
50 620 88294
400 299 5099
539 177 74112
343 644 45420
677 519 68934
521 66 93890
576 48 1283
478 291 55052
303 503 31323
358 610 40103
154 659 35787
176 369 64391
47 218 61246
152 561 49074
9 368 74038
244 200 68653
45 86 53647
357 564 36309
34 686 6847
305 174 78552
562 328 42483
569 323 90980
185 189 17360
666 340 73204
233 168 1043
319 411 69845
110 275 98483
637 632 69695
585 485 16001
346 101 58266
28 482 34992
367 361 18121
386 365 45455
442 341 58401
9 394 35082
123 532 60783
257 641 13043
296 588 9495
209 303 88838
627 648 15099
350 675 12028
220 353 48115
412 558 71398
103 130 59475
133 138 61418
150 260 83969
578 336 63076
591 631 85089
366 150 86316
445 597 89955
445 77 7263
416 297 48017
388 528 35901
214 631 4626
201 583 94691
401 44 39842
443 441 9925
256 162 36124
476 347 55431
489 102 32901
281 366 10447
58 93 55765
7 300 86975
513 514 65882
459 534 34534
362 65 60717
524 328 5213
153 583 64712
413 370 81412
642 678 27799
598 89 35322
121 146 32362
270 661 67033
257 304 10733
185 73 55639
515 254 46816
20 598 937
653 61 48373
579 294 23267
161 246 11934
354 153 4330
224 94 7715
5 183 19163
86 439 58220
499 443 45865
576 268 76786
28 107 7178
497 71 63317
679 649 64973
541 629 282
31 294 2142
479 337 97353
204 161 41679
589 246 54798
408 564 86239
300 450 3240
266 298 82868
139 105 97633
73 94 61302
120 454 55287
411 484 74681
494 274 3862
671 477 42487
340 196 73942
268 603 25309
457 34 35876
45 119 1513
429 257 23157
13 150 32828
66 269 2848
58 499 28798
343 303 15008
604 284 85544
516 444 59568
314 531 28004
676 298 36715
109 163 62487
348 591 28849
511 423 31822
258 488 3674
98 545 93742
421 18 87816
658 621 66895
681 268 21715
211 581 74369
672 567 43800
477 495 33246
400 662 41927
399 483 67475
548 560 3897
95 657 73773
141 209 84489
309 177 56256
580 168 15210
606 199 51644
292 180 7217
276 656 1454
242 186 84921
618 585 48072
39 443 56436
636 537 29214
399 497 95202
689 116 69408
222 516 21023
21 252 58672
221 543 94004
119 639 63735
511 191 30349
186 120 39048
164 158 38005
193 104 14542
518 322 11455
362 322 67505
22 543 14993
538 384 42930
563 424 58388
588 542 88815
399 363 83808
215 368 17996
107 532 42502
80 35 93926
81 373 29688
219 553 50629
652 574 29356
551 422 64727
192 116 41088
15 14 82008
657 232 72588
111 446 30452
193 372 20024
252 452 65035
414 352 60106
208 570 67734
144 352 90030
621 33 31665
612 44 84013
337 59 41078
603 26 66594
362 136 74557
489 148 53072
457 219 23790
280 632 17604
473 659 45970
350 622 76390
619 554 56562
112 296 45765
229 633 69684
179 366 33485
360 39 37327
118 347 99205
67 114 61620
467 393 34849
349 686 32228
441 166 37088
376 95 78786
163 27 38400
682 255 40664
391 254 16641
304 613 6215
682 550 88893
517 616 84699
571 394 42314
386 562 70901
680 313 21841
218 508 17868
128 490 74293
334 303 7832
303 4 59563
638 127 12431
141 119 40991
171 456 14668
643 337 73601
129 542 19043
301 353 29667
457 570 65509
19 8 32188
116 162 42763
468 464 99622
203 412 19897
551 553 73620
71 543 43642
26 496 7935
373 624 84995
413 55 39754
76 332 25651
66 170 5120
546 286 49263
459 573 15095
375 595 86554
238 457 18909
219 347 1053
655 372 17684
558 564 27467
133 287 17656
61 362 10090
557 248 38988
192 104 94995
677 563 85942
248 249 71392
50 305 80126
224 523 36783
251 488 88734
413 176 9579
509 309 2010
480 189 28395
602 56 54244
205 248 28096
601 55 76360
192 302 31361
197 351 12997
658 574 94885
596 644 37020
36 367 47334
39 7 10823
149 306 83592
441 39 7644
470 243 88097
423 663 90565
69 165 30144
652 181 26089
670 149 97310
521 564 44857
680 599 19119
326 458 47561
99 426 47838
570 177 30040
407 467 65858
311 20 50287
269 89 69267
349 560 26895
91 540 3294
46 191 51600
135 182 44192
231 507 39706
153 425 23799
381 305 57568
646 22 78906
285 332 32260
586 421 10340
182 80 28155
648 679 31405
394 35 14974
14 680 32234
52 220 46870
548 373 53353
600 573 51625
648 529 65683
474 633 50917
499 349 30597
252 531 51218
55 309 22515
37 13 58151
389 26 19333
54 587 41531
44 445 72306
639 175 59495
670 643 49490
33 426 91795
236 55 53050
171 306 18872
185 180 16155
8 216 64546
46 425 31994
582 478 62692
649 521 12697
218 291 22159
360 91 48646
670 123 3766
414 178 3428
507 348 74321
81 352 60953
144 360 94726
39 225 6967
468 118 46261
286 77 59478
187 114 16321
263 293 68415
111 273 97794
384 687 55374
23 324 4457
477 225 96258
421 368 36941
580 227 33712
475 4 73198
157 289 29634
689 296 58973
133 558 53415
176 488 29743
341 182 12457
504 25 54606
145 321 75060
137 52 6326
309 631 12949
16 236 43274
349 213 76346
69 212 24860
411 165 27327
177 340 32392
396 501 60172
251 315 14095
250 459 68481
473 415 16986
194 34 54336
140 558 3848
90 217 28136
328 105 86677
681 516 28494
33 3 5649
561 218 15936
581 289 47432
446 358 4593
450 651 83677
506 155 54327
323 295 33904
195 384 11955
460 531 34467
67 342 76763
527 374 92257
457 65 10693
19 645 93582
583 221 95529
557 491 91594
436 127 4454
168 449 79760
278 643 44434
96 233 23877
18 299 42948
95 645 28973
174 413 30695
291 251 24637
7 653 24895
590 520 99948
264 86 83134
273 74 28788
396 351 40757
33 446 63530
20 283 67429
348 377 13653
180 371 7849
76 661 82305
257 488 68100
658 208 86180
680 471 52923
139 55 89953
555 270 47525
235 123 37592
477 142 27326
509 490 77135
316 489 79277
355 565 60796
644 641 31624
27 609 87290
619 599 19387
608 48 48721
669 602 55051
392 656 82809
381 444 72223
472 83 82593
250 218 26539
219 392 51106
339 346 80931
77 372 57260
22 302 63688
617 40 32404
218 19 75843
597 231 83817
589 431 3504
542 213 18684
116 282 43009
358 500 17031
115 149 23054
512 45 29178
139 66 37933
184 503 2242
276 31 28409
100 627 47607
399 346 30131
453 198 19658
228 313 76971
401 490 14049
95 424 58985
644 246 8808
6 204 18105
358 388 38965
569 662 36461
109 581 65643
389 291 9319
409 54 72415
642 281 37525
287 501 47537
431 416 69910
544 370 69220
13 375 35432
56 552 48583
92 431 8374
487 359 39701
130 58 26382
627 287 88272
452 239 44055
410 345 53090
678 595 32409
680 450 37769
58 282 98347
329 337 52075
298 248 33898
59 45 55873
400 683 98309
343 440 91338
338 22 70969
254 432 30524
671 240 67700
124 230 57832
456 287 42432
292 616 23252
500 45 39256
448 102 59608
575 501 49950
71 154 19600
361 312 90028
21 565 82407
24 546 60625
622 670 94591
111 256 86229
570 367 70969
316 177 97394
489 445 90229
346 330 21878
196 220 2372
305 401 52685
436 421 33223
128 444 64373
60 197 11246
40 307 95259
307 8 47462
320 323 87227
196 632 81154
173 288 1467
651 484 30124
413 99 91165
486 534 55559
434 662 70181
59 32 86379
353 580 78336
33 198 21186
80 337 5476
303 533 3166
101 16 73863
228 486 83867
575 209 36425
453 5 54270
242 259 87103
115 317 28253
363 670 72310
49 13 21855
431 93 31504
267 214 31353
44 314 11630
289 362 94214
657 247 97826
615 520 7856
237 581 41173
340 6 78501
294 369 31086
318 417 26890
180 668 80669
558 245 28707
419 288 35803
295 397 3425
657 364 78048
539 109 50835
245 165 93696
209 324 76813
309 617 2915
570 66 50337
663 245 40265
667 622 10878
196 351 65342
368 645 93870
391 614 80328
481 282 61142
401 346 23283
213 374 37503
539 682 48404
544 562 44649
96 355 48092
136 153 22940
419 168 67841
630 535 10777
548 237 45960
650 28 87568
680 249 59808
185 281 71148
523 130 16440
280 493 43123
610 588 78084
496 34 1993
313 273 59908
481 213 87630
604 72 4937
470 541 57172
617 531 44224
420 535 27085
416 369 15271
584 468 95344
445 208 33992
481 14 71481
488 147 18687
154 447 73655
175 361 13903
431 650 19758
535 397 85065
198 636 16755
650 362 85033
362 256 38303
566 521 21213
669 132 14560
445 619 24930
493 593 36516
64 587 60094
216 328 57975
218 174 34078
391 191 31858
409 661 38814
106 153 87737
599 30 21750
610 518 2584
635 273 64936
626 76 68712
374 648 1542
302 174 68362
190 212 59048
294 602 17823
164 321 88122
575 246 85215
193 664 37150
330 584 61566
419 350 62647
257 286 59079
687 660 24517
325 92 72862
110 282 56577
578 395 28022
367 379 53007
636 264 16564
368 456 73347
130 606 28217
228 335 28436
599 591 15285
175 408 8928
399 552 34866
617 481 18368
356 369 93511
517 555 24857
128 501 51219
494 180 60332
144 129 90299
198 356 27351
92 265 85479
92 260 17042
570 478 39933
451 405 38866
433 581 89239
630 228 25228
515 355 34952
484 668 19979
40 123 17458
200 320 21659
515 232 78875
41 143 48186
484 532 86812
279 294 34909
375 546 98111
660 306 88087
630 641 90548
411 435 22056
12 474 72311
609 674 53177
513 499 42144
682 359 21793
240 153 33755
276 252 12896
537 446 77583
688 416 21325
198 176 1684
62 587 86230
593 598 35293
378 337 22821
302 161 25220
277 153 27969
394 212 31756
353 488 25571
426 335 31927
355 333 72765
409 530 73314
415 411 84876
675 135 27430
30 332 18433
568 633 12248
225 40 71397
570 433 60418
559 96 66121
438 521 56119
254 6 95818
126 235 22362
353 649 26296
117 634 13325
478 483 72111
306 361 72182
295 406 55681
75 286 77104
247 664 53854
37 413 47881
161 486 36769
438 611 41841
375 94 97485
33 210 89930
335 688 54468
458 304 30273
345 418 58915
90 492 84714
268 50 23075
361 595 15919
285 67 27876
544 324 99008
528 9 35330
111 550 21719
327 195 1954
157 653 78117
527 128 95159
433 217 40829
624 484 42839
610 155 32717
499 261 17526
5 114 42139
630 462 45269
150 572 36860
389 210 46587
626 366 62914
476 23 58022
564 275 71240
454 209 12374
213 130 35279
566 448 87834
117 272 39511
679 212 15799
561 182 30534
123 570 89996
568 506 48653
108 113 36777
463 676 45986
346 260 60993
353 292 4873
514 677 93544
245 104 87584
418 603 53298
544 294 58718
372 236 41914
409 114 72137
631 221 60206
6 504 17632
344 160 85243
21 332 22229
517 156 44954
591 220 3649
247 638 40451
624 492 33333
493 174 2802
243 402 28148
498 163 72286
685 677 93236
678 331 78589
61 351 40720
424 687 14905
85 588 5331
179 146 67859
186 80 85584
486 573 38095
332 126 99035
621 443 49760
441 258 10694
75 246 44174
377 306 43896
142 40 98382
243 633 33877
383 123 5262
471 308 14890
181 614 5125
64 76 50585
168 7 7054
434 447 83793
687 521 65729
401 29 87160
285 170 53962
167 232 27440
637 434 11243
562 215 45821
387 395 13561
604 278 84560
257 445 3319
172 10 58473
344 6 26907
581 226 87208
254 511 12799
655 677 18586
640 625 9897
57 317 54592
291 14 70956
449 438 80733
683 514 15659
54 686 9143
380 160 88228
538 561 13441
544 125 28676
540 600 32314
78 550 90937
49 606 93453
235 28 71103
456 476 45364
265 289 50468
518 342 26171
600 542 39913
508 390 6479
461 245 96676
235 604 80816
505 681 86339
21 40 24487
362 95 57433
537 550 98737
459 125 49309
26 462 28821
278 193 95744
510 520 93336
612 291 8805
479 345 71301
256 160 99409
222 1 3026
105 182 69446
14 538 36921
219 308 35239
24 333 80058
170 431 96873
677 252 73911
15 682 57316
287 472 75763
472 547 61566
469 80 5660
505 184 50553
635 17 50997
445 236 52354
199 259 37795
414 248 33491
642 55 63002
519 69 65511
507 355 54044
658 647 93064
280 246 1614
591 61 71476
215 515 92787
196 270 80634
484 468 67974
415 12 32683
417 473 54152
159 123 42068
403 449 21589
429 417 64014
133 8 85104
604 418 87884
570 452 41799
372 647 16473
229 441 47144
344 676 30221
17 403 46226
253 561 18124
557 95 86879
347 523 44605
94 655 52868
415 390 33679
107 90 37589
313 282 15596
428 509 52755
321 163 70510
555 688 18703
63 251 76688
202 118 9974
609 465 88956
234 378 6699
376 104 64815
246 30 51132
58 163 74788
337 590 16416
368 42 76693
204 596 71949
623 478 89039
44 499 53678
68 418 36511
614 471 1551
257 157 17548
109 402 5089
230 280 22325
451 436 53024
491 623 93384
4 138 40922
24 580 90919
294 443 28794
502 510 74129
484 434 55176
484 511 57508
78 619 14801
211 669 80997
325 430 71691
520 232 72340
576 55 37103
358 79 84682
617 192 8116
505 4 17378
630 308 17776
537 102 16007
600 689 60533
15 30 51542
399 354 31117
349 5 64728
232 580 12715
73 69 63379
312 505 22110
485 141 58936
297 81 10369
363 617 61607
250 347 79252
576 182 52041
191 580 18650
236 59 64807
332 110 34839
483 2 35074
531 315 23726
82 109 78645
146 225 41255
516 588 15786
299 148 59747
590 34 87937
41 225 97705
535 280 77093
343 612 82088
551 225 82498
138 575 30299
50 657 66311
101 113 7911
53 628 5579
442 58 42617
488 467 28612
535 508 82403
292 354 84162
616 6 49559
360 557 40365
106 514 3606
165 563 94096
661 484 54418
184 536 27645
113 109 59030
10 416 44176
630 80 51476
604 371 83227
169 117 36940
165 477 47452
385 582 49836
311 567 523
203 538 61804
28 541 7637
480 654 53809
120 483 92768
226 423 96100
151 158 94211
247 326 64195
349 311 4490
647 515 13945
261 136 6507
77 339 64838
376 366 13199
341 665 57170
414 95 39367
213 320 4752
91 470 52081
159 537 49163
344 196 61907
316 154 47029
1 235 8136
71 130 55674
170 506 44061
121 156 941
364 570 1695
581 93 23202
172 183 587
608 341 33427
501 505 58661
524 640 56445
553 460 76614
537 532 19690
679 11 80180
497 640 49369
290 315 30120
686 26 98849
23 17 51655
339 445 82748
502 256 56323
681 91 93221
143 463 7385
348 131 21675
681 119 84576
141 615 9285
265 35 85677
89 540 53118
5 562 32710
612 32 60183
1 353 1051
404 344 17219
68 307 55716
191 654 73733
156 645 94239
640 605 93998
205 180 73950
594 268 35789
139 92 2716
389 523 91670
215 524 36077
296 58 10948
287 125 89081
560 315 47089
273 290 4662
613 60 91034
189 265 22871
308 678 79346
277 127 42957
627 335 81708
320 549 78348
365 664 5551
573 261 40185
399 640 38691
8 223 6390
82 146 44211
72 154 77789
61 281 9153
317 377 91420
485 315 57299
487 634 99678
142 309 19605
544 192 1596
200 410 66772
680 418 56163
252 499 64005
392 390 33353
616 450 5450
139 587 32438
297 202 33383
609 688 83603
601 650 68230
568 324 98211
615 523 62628
612 514 24920
652 585 89748
658 107 48147
637 33 55689
207 680 91721
334 287 99199
415 26 92533
440 627 50072
84 505 10070
249 250 80008
134 172 47631
436 644 2977
367 612 39312
508 559 1720
410 76 32057
537 230 21742
357 644 28073
685 215 83432
103 298 91071
534 366 68937
618 499 154
526 245 24531
149 432 38777
387 250 76244
657 479 58733
228 327 35034
85 503 38529
476 498 69171
625 421 11541
588 86 63851
621 522 5078
136 178 60143
114 146 35144
523 532 94579
112 499 77786
105 37 9188
328 630 71631
325 416 74001
356 351 82720
684 70 91506
689 510 13070
504 645 95042
383 578 56750
184 231 53857
563 162 71730
223 266 75129
538 413 2147
158 557 97208
95 223 43745
272 218 32827
353 217 66095
266 540 43702
356 233 6530
591 416 93355
668 110 13124
554 332 91865
296 1 97317
158 159 68006
75 72 89456
343 163 40502
500 515 17698
477 600 9771
409 266 93213
558 167 19521
248 145 83272
99 518 78603
36 125 14702
565 101 79551
92 175 47150
531 518 83866
318 328 13908
322 116 50345
685 344 20922
591 34 66036
224 280 72247
475 199 11284
369 234 41923
82 618 99014
462 529 79765
223 371 44271
656 508 25358
224 649 89121
212 644 28317
464 546 33122
14 589 29594
216 375 14505
247 563 96071
220 464 87960
474 56 74530
33 279 45235
109 245 56928
332 288 10956
491 319 49791
124 603 66647
658 436 97396
602 651 25308
565 28 28986
251 248 72187
375 541 18111
338 573 30258
491 501 92494
462 652 35078
213 273 8356
428 396 49600
498 184 57550
108 97 71748
92 481 52535
458 42 9128
599 236 73245
615 393 41002
40 194 56669
398 476 45603
683 508 96926
89 246 71656
606 564 86564
180 671 87594
225 74 89251
297 531 3957
436 260 19673
426 5 43630
299 553 37416
312 81 41605
287 75 16208
355 672 78313
130 409 27269
88 408 76823
651 632 35931
136 59 49930
351 314 7357
113 50 26324
88 168 69790
76 479 30250
539 586 59132
131 251 48439
658 380 80475
190 287 12789
213 68 33479
308 203 95081
65 554 6720
591 486 57994
252 393 22606
465 468 40874
70 317 58399
438 448 88458
100 236 19060
678 426 36766
466 638 12819
526 76 69171
644 650 77076
386 551 5262
687 622 81005
467 397 58074
545 287 10775
519 35 22613
563 643 4604
118 632 367
649 408 86725
378 64 15960
309 18 21650
105 404 27503
26 221 59842
519 687 21161
611 362 41708
331 11 96966
317 394 19023
539 511 4704
317 290 83149
43 667 87838
354 287 13849
444 211 84255
396 237 73401
99 65 87539
199 496 67544
405 137 88164
646 274 70562
660 123 1093
107 439 49225
290 302 44130
28 475 22273
293 230 9786
91 624 79226
110 34 44301
636 52 63085
654 277 62704
682 53 65771
415 23 9592
658 130 78181
321 238 7319
651 266 80261
398 378 51361
355 468 15416
367 398 81325
444 344 70248
146 128 23891
674 120 71924
605 534 665
478 322 47521
100 643 95640
24 424 49212
241 133 22085
687 307 31218
199 674 33658
432 248 33296
357 393 97675
558 197 31310
122 621 21116
397 409 51831
620 509 5385
212 352 9555
68 592 19316
122 590 44453
643 99 47840
3 350 22833
395 18 16165
45 395 90538
503 517 60780
117 224 20128
562 664 46764
270 6 97062
402 73 18579
306 194 79026
517 656 26523
531 658 26042
104 183 80535
578 227 13892
379 550 14387
621 486 66332
583 358 17248
183 628 11830
135 160 50234
678 286 3599
252 113 3144
613 463 66172
454 566 58684
133 274 94704
206 473 21895
106 404 45020
49 297 48612
656 480 21705
218 614 90205
33 422 73426
371 493 32173
675 416 14285
78 689 58948
533 132 82324
166 337 74952
347 442 13963
145 311 35835
301 97 87333
34 314 49166
616 348 88968
105 537 69412
35 342 33372
428 419 23242
8 83 3203
190 248 36204
336 414 20277
16 379 21755
681 499 74237
268 532 5905
287 279 50639
548 203 28390
611 238 58653
401 665 7599
10 492 66616
259 681 97703
665 147 71811
644 162 33958
243 663 16404
628 61 73557
637 167 79270
123 25 23320
654 636 54230
328 167 86285
240 176 78432
235 254 45698
296 230 46684
591 4 11702
395 246 9292
188 184 94082
153 640 47942
395 73 76190
331 37 31887
144 184 81108
621 244 47094
211 298 49400
302 593 7876
359 315 8207
68 20 39443
260 28 24878
331 180 54062
60 574 93987
323 36 73040
351 179 66227
546 111 81145
46 141 762
489 262 39132
292 620 68066
98 508 54225
150 587 97659
25 228 4629
539 108 54404
257 250 70304
12 420 39262
459 276 31209
280 142 40928
578 630 97766
599 233 81108
66 330 2657
241 299 71704
263 143 82331
464 682 82478
369 69 81039
130 589 93548
69 358 33818
447 457 48941
276 345 4668
187 75 92523
29 140 53416
17 200 26788
592 462 37518
525 236 72370
385 424 41682
494 553 2143
153 441 36329
597 198 25386
673 474 70073
330 660 25875
218 509 77209
436 345 61947
593 247 94099
203 591 94645
494 286 17989
673 90 18081
572 62 83240
140 659 11968
164 462 77898
532 102 78795
106 320 12117
327 575 80522
239 478 55713
431 680 36372
170 304 4976
661 108 58915
326 679 8089
432 129 69962
556 292 26178
463 644 81406
670 569 44519
7 206 85284
376 264 46842
123 6 50356
639 684 17253
572 655 56509
413 291 86618
316 543 60262
188 409 70120
342 2 35322
88 672 65390
662 678 70237
432 184 95456
500 306 51499
50 76 65714
232 467 23385
12 10 91649
290 326 37392
8 333 88934
527 494 56876
310 581 87309
482 373 25053
170 625 34278
630 435 3399
407 304 52437
177 535 35423
422 546 94920
268 656 55367
476 663 70373
403 320 15173
331 450 38466
62 242 1124
469 231 37485
191 171 61686
219 578 73140
141 574 56393
530 306 659
59 393 8906
602 688 8691
608 401 35543
419 42 92078
631 103 60038
346 392 42363
685 582 1804
589 620 38917
108 581 3062
671 241 50328
221 299 72363
426 211 6558
424 129 58198
53 548 510
131 489 20804
450 145 44131
130 649 37472
490 549 4227
557 476 96831
508 457 67059
75 677 9830
363 413 96862
140 147 82175
137 200 13646
684 330 13388
645 600 98876
128 549 7594
13 169 33932
517 36 34676
43 543 98923
678 437 10979
53 110 12453
147 69 12035
369 205 28916
450 200 87877
658 664 48954
142 103 54509
273 624 6347
263 451 76086
548 493 50437
600 301 28781
639 173 50778
41 319 55687
279 507 18059
535 87 38402
252 56 37519
568 197 92245
384 289 40051
368 372 1515
387 230 73467
260 141 39317
390 599 8894
449 640 11763
576 49 30099
219 583 93898
570 655 32901
27 353 45983
94 47 57090
96 414 16504
367 112 75252
442 191 15905
636 400 49441
134 159 21015
458 46 42662
600 84 26945
140 474 10797
243 500 43171
543 413 94926
262 328 56058
352 6 35355
671 267 66901
82 34 95830
271 166 89269
50 444 2906
566 354 54799
106 313 99700
301 556 91480
159 409 38735
63 490 81517
201 661 37691
450 462 97076
21 543 98988
171 124 68674
119 682 34247
113 378 25805
190 484 53599
560 604 66880
51 73 27983
463 645 10349
514 156 30481
390 425 79982
532 445 74758
18 435 80599
178 554 34873
92 666 63887
179 675 27291
579 545 35881
665 415 49179
470 8 78463
404 342 96141
489 42 21215
347 574 36939
567 411 55492
221 588 82496
197 679 4504
42 168 76314
189 567 30329
251 362 58028
204 652 81794
112 366 99494
175 166 48818
483 332 59546
37 209 30665
534 249 47200
27 446 43397
184 307 61413
147 495 54845
653 565 90572
16 80 12929
75 191 32264
295 187 95408
47 668 65991
13 524 51474
568 368 32455
153 394 27455
