724 723
620 160 76573
620 672 93861
672 602 34108
672 719 92128
602 646 64060
672 106 3823
672 221 32003
221 234 36795
672 220 696
106 632 28208
672 599 11997
234 236 15095
220 108 46475
632 466 36984
234 306 69765
672 66 93634
719 60 841
466 350 5698
160 664 88110
664 19 75120
19 83 77196
672 393 32831
83 723 32596
306 163 22124
646 179 17325
234 570 46310
602 724 58718
306 30 22374
106 566 69731
30 20 44597
160 526 96387
236 579 18025
632 341 3372
66 3 2886
620 461 92344
60 476 68507
646 17 2495
393 678 59012
221 435 74854
163 606 50716
466 186 31156
221 226 44522
719 284 89558
393 626 45440
626 286 49153
599 134 86813
186 670 52052
670 584 62062
108 479 22542
3 413 37951
664 367 83410
678 293 52465
435 384 94299
646 624 25155
570 583 67157
17 639 70333
461 233 48287
3 261 8794
179 516 41523
678 522 32555
66 131 26488
476 84 52412
30 227 95648
639 385 8622
367 617 94220
233 235 61137
367 340 77879
341 304 63293
461 363 60038
599 512 59320
476 560 11853
560 251 65144
466 11 47364
306 223 64420
723 201 61753
384 74 21219
186 216 13278
639 151 22685
304 145 95150
350 647 53213
236 8 51177
8 49 56099
223 270 69499
583 161 52971
3 609 64373
602 615 38159
570 125 77363
516 455 30273
235 311 22034
233 511 77816
606 498 62878
17 87 71002
106 274 3657
367 189 40138
579 564 5417
664 266 10065
160 627 31571
266 659 47813
84 508 38436
393 352 63476
719 468 98606
579 708 72028
106 592 48887
522 210 92898
632 531 52127
8 541 37384
274 118 37183
579 258 13858
476 536 73740
304 333 28332
579 703 14492
606 245 99750
220 356 56554
19 507 54404
201 679 78972
541 648 94632
384 361 23190
210 505 91063
186 272 12173
522 64 41257
384 663 39779
186 116 3319
87 169 2879
356 510 42115
340 128 93869
134 544 63557
508 358 61242
74 285 51200
20 411 64891
169 99 73454
522 597 24013
3 197 31524
66 248 68015
161 459 15076
311 59 49253
468 571 55376
609 205 70829
413 273 32793
84 475 87831
571 146 93329
118 6 77618
19 492 87895
363 415 7555
670 50 9505
384 327 64500
411 321 51510
49 500 65168
226 704 61367
510 446 14816
468 219 54041
505 493 20298
273 329 69717
647 152 5616
274 596 63577
413 637 69363
505 347 33193
413 166 34977
131 440 19603
584 40 70975
233 464 53983
236 644 58434
367 549 8338
367 217 35220
475 391 39796
223 268 4439
724 153 27457
6 562 47874
99 140 52869
220 429 58883
632 675 86450
479 377 28898
566 535 47492
261 480 79183
251 630 15173
508 649 81319
385 691 74823
350 12 14491
617 594 81842
284 82 70947
284 241 96621
216 314 12905
169 365 56447
169 68 13317
679 348 89130
522 431 80167
620 343 23085
221 706 133
261 207 13583
562 619 99389
596 582 44877
151 433 4029
630 250 18927
329 337 14260
341 449 25247
179 524 8036
356 453 67064
226 36 46141
152 263 93140
505 4 93632
169 714 90147
340 454 1839
205 405 57605
596 57 21287
363 547 55717
210 67 76067
233 623 96359
152 129 75063
118 660 43021
293 55 98427
564 525 12226
146 628 97392
343 218 83181
67 635 9686
440 254 22929
505 323 95687
59 673 24478
323 720 65090
352 682 84951
584 555 13995
201 661 84314
724 374 24432
549 7 71082
632 159 26837
36 249 22310
647 360 99099
140 430 48887
350 495 71442
703 120 96551
327 351 33707
405 176 60187
384 607 15195
6 614 67865
492 53 24857
663 278 91106
153 529 22327
670 437 27292
343 610 2359
223 332 38943
363 376 80063
637 643 40499
216 462 48827
630 32 18791
719 9 17219
635 294 70148
55 119 508
258 504 3984
273 684 37758
413 209 50567
464 325 27363
462 295 14843
619 636 64617
272 501 50172
219 44 26238
363 388 19651
664 488 69073
179 652 73601
268 398 98475
325 668 15136
350 335 52837
321 89 12582
582 112 87260
120 513 92066
146 39 94864
356 530 36864
50 267 9169
55 542 34107
20 26 71673
512 111 24226
660 110 14355
547 73 54827
530 603 86140
632 685 57120
314 149 19261
507 645 73429
466 167 22475
430 471 34203
146 373 45300
44 195 93522
84 587 29436
329 655 13108
628 342 43028
68 69 83812
685 137 34687
510 699 5540
512 324 32372
626 499 607
128 448 83847
30 567 13269
205 537 20360
343 540 25254
468 124 73234
672 383 51561
511 426 68650
373 289 19366
306 280 40572
108 369 74139
235 275 54175
655 100 68704
100 396 41951
60 303 88270
53 515 78839
719 402 83445
152 136 8263
110 447 56201
582 452 17039
236 483 29604
524 13 28097
526 497 41467
449 674 95937
340 712 37296
373 63 78649
342 641 63025
311 381 74233
304 114 96017
437 198 1212
628 671 38540
189 514 24960
678 622 60670
607 424 58938
381 569 40123
635 403 45831
614 282 65647
321 25 67483
274 576 3637
567 460 26177
161 665 59324
226 591 9919
505 35 15785
566 143 61977
699 441 6799
479 650 22167
12 394 3272
351 568 49910
492 417 70345
663 638 20776
597 578 50946
647 621 90458
471 612 67408
385 640 39615
258 694 19367
622 246 60311
293 690 8392
314 467 75689
468 338 20083
149 625 37590
665 243 29422
205 485 66822
466 253 74748
398 506 30221
615 24 8531
50 175 33448
360 349 83507
195 244 8001
544 395 7118
584 676 84494
26 366 66304
163 103 28225
293 474 80173
670 215 37934
360 155 79835
329 372 12674
583 256 58618
505 421 69994
32 326 64006
663 178 43704
219 611 29861
544 75 57072
35 147 48496
82 301 55190
360 41 33120
578 96 34357
205 157 2858
366 319 63368
167 86 91573
646 561 40261
207 658 14316
145 700 75864
493 409 91726
321 533 69353
303 545 22613
293 532 92742
615 701 96834
529 654 34747
35 688 30835
670 481 75862
684 322 3377
301 15 96037
500 677 65712
623 693 41632
665 283 45378
100 148 73135
325 85 53929
475 225 46377
59 667 20473
667 271 72926
658 598 31087
632 588 57521
273 150 25650
148 46 67618
272 556 54966
660 548 37167
293 102 64927
373 305 24753
421 642 96364
594 686 4035
337 279 55324
594 502 80896
706 38 89320
641 206 39615
488 355 50191
149 354 10955
53 520 47352
354 194 56216
525 88 4997
274 22 8177
194 683 41617
571 121 57750
441 237 19907
355 45 26504
53 255 2820
667 77 94233
148 487 6581
675 357 93791
241 416 85888
670 534 52400
75 669 49902
708 31 42183
591 695 86763
569 90 9292
626 353 77387
303 375 62364
352 631 1391
108 264 59393
447 456 77475
492 123 52000
251 718 3354
568 486 86861
475 722 83416
35 2 15042
674 107 21354
718 269 52541
411 443 19557
255 27 2459
179 165 41109
506 309 56856
661 276 74228
502 126 34843
714 425 96448
120 557 11655
274 692 23317
567 438 17903
499 401 5997
8 711 10531
114 379 41647
394 465 68880
22 559 77334
11 523 16909
67 252 62491
504 42 68140
417 371 75850
250 414 63007
411 600 91976
493 313 80497
401 187 4316
555 16 24553
600 203 25913
511 469 79044
591 574 87159
591 302 50025
431 262 99037
279 315 39194
50 199 55742
676 406 51884
273 37 46430
186 472 96841
323 378 59972
349 563 26401
612 34 30972
273 76 70131
486 470 88236
15 577 92253
722 613 16435
249 458 50427
219 135 53815
665 81 51895
289 521 13545
123 281 16098
197 552 9167
315 573 55242
711 185 38814
195 212 35732
699 702 92651
60 709 50601
623 228 57375
596 259 49992
267 79 53004
421 527 8676
350 418 96051
394 362 18638
252 478 26462
472 247 34911
212 287 15882
659 127 92413
635 404 49091
247 242 48696
7 98 88070
552 23 27184
646 122 8789
402 546 80210
547 657 11575
471 397 74769
485 550 94748
294 457 71593
145 56 88434
679 70 82735
628 170 22740
302 616 21995
592 328 12948
655 386 4766
514 117 85394
499 47 93647
691 184 81607
81 277 41924
277 419 25199
195 292 21510
673 451 48143
636 177 7158
146 593 7230
100 330 44410
24 689 53687
645 133 45169
57 439 86470
25 51 93473
361 94 58589
159 551 47260
35 239 24535
547 334 78482
635 554 52636
426 80 72139
322 211 17198
201 336 15741
622 320 42536
388 538 25034
492 5 34827
560 208 76701
654 434 685
198 586 78575
547 450 99661
607 213 76890
20 519 64083
358 190 13929
366 310 52779
639 503 62239
650 344 583
110 368 9363
169 317 10088
603 697 50899
564 115 55305
324 240 46889
525 222 86411
13 290 27557
592 656 15496
306 300 69401
625 29 66392
56 716 14113
699 482 27120
542 509 46298
40 97 82832
503 572 89359
273 61 38015
383 517 78703
344 400 10811
704 113 9579
447 653 83687
321 528 667
440 130 37219
411 484 10378
626 558 82366
272 104 52844
378 422 47757
437 1 82130
546 10 18948
221 496 94637
351 463 71436
114 299 66279
567 494 4881
23 180 80976
244 595 61814
185 172 19053
303 412 15931
528 54 38860
68 707 31747
512 565 93736
384 298 94227
41 605 32317
143 62 22117
614 604 74394
391 380 51798
198 681 53512
452 101 52542
63 445 19607
495 442 17056
400 680 88405
266 188 59584
682 410 81574
3 721 20451
246 257 97081
135 156 38192
378 43 26150
435 717 30150
379 618 97949
5 423 28028
588 109 39333
89 585 42853
122 392 26375
110 590 39827
116 359 20791
452 296 33892
685 399 73646
524 231 59105
451 139 38905
526 713 51903
618 444 29847
165 265 99174
123 427 37760
271 28 10625
115 687 56236
277 144 32635
440 316 7971
242 191 35757
443 214 84885
369 105 58609
129 420 23042
648 491 33883
625 93 99771
110 715 85929
416 518 12806
252 182 26538
256 232 65317
334 629 55292
394 65 42963
399 408 58984
75 428 15030
665 387 50432
386 181 40746
54 71 28700
431 634 37766
547 390 21440
39 132 13613
453 192 20633
332 288 1605
591 78 95433
647 95 86723
715 33 72618
205 364 1347
378 92 94318
221 436 78506
123 297 10146
529 168 38225
163 473 70713
97 173 27014
717 331 24716
420 72 38780
424 141 59542
140 183 69940
103 666 53394
33 575 95830
361 407 42759
328 382 20717
232 698 95021
359 162 37314
55 307 74206
47 202 13738
270 312 54585
615 174 47180
338 308 64971
661 230 36657
187 229 5
213 224 92805
239 345 12317
716 291 11878
517 14 9444
612 142 446
394 204 87959
364 580 28248
341 48 55365
567 710 63625
114 662 31535
357 164 85591
702 589 47666
170 52 4824
522 608 432
40 171 75556
79 58 68975
722 200 40231
183 318 59263
426 158 95816
92 490 45720
212 696 68084
393 539 83624
675 339 20065
94 553 14720
145 238 41793
111 260 15023
646 91 21697
230 193 92642
708 543 25533
428 432 57026
608 581 3477
12 21 57690
676 18 48334
356 705 87285
89 651 16692
330 154 36998
609 389 36163
433 489 58785
80 196 60228
448 633 36822
624 346 3747
599 477 46595
364 370 45733
506 138 89634
629 601 95081
