865 864
686 383 62143
383 311 34035
686 370 31507
383 141 56598
383 419 53091
383 552 63946
419 606 28402
419 234 25563
234 188 64428
141 372 69870
383 158 7437
552 740 97471
740 794 99128
188 381 12401
381 98 86040
381 103 53027
311 493 2840
98 759 94404
794 319 44327
381 306 19249
311 719 67354
141 243 50469
794 838 77014
419 712 48515
552 778 92365
381 645 12322
98 117 93630
794 29 78503
117 491 20786
719 394 46251
493 599 1528
493 831 65111
319 563 54684
686 97 34455
372 596 61023
491 40 71126
319 597 45060
606 594 11227
98 189 11541
394 298 10429
103 30 94114
563 751 70030
686 139 68353
719 78 71856
383 196 92941
298 803 50351
97 45 13463
381 701 85116
311 92 76067
40 387 30641
419 145 68086
419 300 72109
719 705 93177
98 573 24655
394 257 31411
158 679 22159
794 828 92870
794 75 53523
196 566 98974
300 223 50008
117 544 52874
381 242 25451
243 607 16499
381 204 13403
257 266 50619
701 591 5521
794 689 65586
311 470 43169
778 28 82200
394 322 94219
242 219 89655
75 91 78972
97 690 48552
552 227 83099
257 177 38116
189 134 22897
204 367 4142
45 735 95315
491 199 30586
196 462 53317
838 248 43205
712 619 68335
759 854 84463
223 727 1117
188 422 75656
28 795 23137
491 518 82071
139 819 61679
188 832 31835
470 191 75162
544 567 74369
145 504 65979
701 162 91793
619 671 68309
298 150 25283
199 1 13332
45 19 54329
518 246 30211
740 724 67796
645 156 98338
266 700 99704
599 208 94252
227 2 44601
690 785 48358
419 308 55917
751 101 38097
204 726 1443
726 626 82800
28 564 61130
243 159 83370
45 495 19189
831 754 28142
134 674 78565
370 528 71272
319 550 23732
754 121 95247
552 791 41657
491 180 12329
242 643 17997
712 805 57790
196 728 23223
594 118 5015
45 829 69144
300 774 7403
219 151 20804
712 316 18277
162 587 45857
493 276 57872
78 519 84533
422 670 26338
103 584 81624
519 720 50095
495 559 42354
311 731 19352
829 769 13094
156 463 95849
208 182 5713
370 115 76833
219 668 92007
791 510 12366
118 365 37631
778 681 86990
724 249 88585
719 561 37331
300 860 88149
860 636 97474
759 574 44199
75 8 86333
92 152 36204
219 420 60865
300 303 69049
162 247 33034
182 862 74186
594 703 45297
831 786 53768
791 565 69460
626 505 61593
626 255 8728
786 773 85087
234 31 58852
246 238 5414
518 43 90046
619 265 79194
141 132 31563
394 137 66504
860 62 29815
561 523 84639
189 545 85746
703 486 93616
152 658 16606
189 408 99787
92 351 64437
719 825 30250
298 127 69457
367 616 52093
803 498 82658
619 684 58626
199 698 7843
248 292 49344
689 753 19333
819 737 78674
495 549 12769
223 648 54650
248 812 11207
670 675 11384
30 359 25300
724 274 22416
78 193 80675
643 662 25156
700 677 40947
825 676 3249
671 269 17477
690 781 90028
643 171 96
159 14 62890
462 388 77619
121 739 57745
739 742 4257
158 733 2902
121 526 63647
208 861 86744
137 776 4685
276 809 81906
98 823 32304
498 841 41687
219 297 94851
78 142 74454
703 602 22768
645 314 96693
300 327 29218
151 688 72381
781 240 88502
121 275 90349
145 59 81628
727 232 57193
860 203 44778
698 382 86035
773 294 87027
724 790 61132
812 109 33505
292 716 28741
159 535 82792
29 418 13135
370 302 42500
29 390 54632
199 480 28771
493 614 75240
43 304 35431
701 245 29952
566 457 61706
359 272 27041
304 341 12702
737 473 39725
828 664 73664
246 808 79525
121 715 82644
498 450 94223
257 198 5067
196 711 21592
480 631 73193
308 271 5440
316 273 58009
594 436 52105
359 385 78076
227 217 33903
274 125 76776
574 435 84178
567 154 25789
387 694 21341
607 409 99259
158 471 25753
462 96 29563
115 114 9833
127 743 79696
470 155 98004
151 424 3036
388 687 56266
805 254 16581
171 747 35763
273 161 27411
382 415 85935
563 27 54727
688 722 30137
78 425 68240
671 732 75405
394 853 31155
382 487 18134
62 120 46916
778 458 22569
677 749 83034
574 55 34209
781 315 48827
733 555 17602
152 317 92636
737 669 52006
733 509 13262
156 61 2234
594 371 3101
658 149 41650
825 230 55573
154 235 44130
436 815 49424
832 140 17370
387 761 41448
243 478 17705
726 647 60496
61 729 89208
372 575 60106
535 410 6122
662 94 63018
59 432 74556
626 404 43024
199 610 23147
118 67 61413
658 652 9711
614 73 76147
140 51 8229
791 135 7736
55 333 70641
550 836 19512
98 863 37381
198 212 74810
319 622 80624
828 200 88776
180 86 91903
614 429 42009
388 84 68707
242 456 90584
208 64 10738
115 783 3524
422 340 8161
863 696 17834
249 714 65615
838 710 85225
686 730 18110
726 112 98326
59 503 86369
408 434 20502
504 452 44477
371 256 80767
751 843 8742
415 522 2957
587 291 22787
419 357 75026
91 348 53791
94 74 52439
774 581 63469
740 489 95109
121 516 71446
676 771 79474
223 375 38702
245 625 86512
463 697 30417
73 624 51039
306 108 53506
711 840 46072
739 90 87097
471 285 45287
8 369 27578
599 451 61059
675 335 49253
232 492 16672
853 699 64798
238 286 91948
273 534 83348
161 748 24401
387 834 46138
418 646 51279
545 15 43973
158 337 85048
838 124 87975
681 858 45142
841 53 8563
246 163 84672
505 403 81199
505 524 35581
124 216 49312
694 330 69509
584 36 91280
381 824 18773
711 595 15111
719 345 35346
727 798 82342
838 846 86515
390 481 31607
415 63 87475
616 123 190
720 293 56848
97 100 51791
1 558 79894
786 864 34918
759 80 49764
31 296 73807
743 324 55493
614 640 19473
575 169 49094
480 440 85109
838 325 90006
371 634 15065
151 629 20610
223 466 91689
607 343 32627
420 556 88566
247 430 68068
700 147 88510
249 157 98384
829 799 82328
581 282 73300
169 592 40809
466 632 92486
120 85 47103
420 736 19771
785 236 45835
648 741 40339
843 366 73445
59 468 93112
255 682 19518
480 211 36499
854 332 33606
648 44 46279
298 569 87113
595 521 58323
238 352 75078
117 11 62130
15 443 24027
434 279 63890
743 551 30811
94 287 42604
607 334 72921
522 763 69531
647 496 53043
300 577 98794
140 788 72114
731 358 45215
216 138 2517
404 102 48881
63 215 82690
151 484 2624
86 767 98334
337 228 10627
43 543 48340
516 356 74929
36 692 26515
828 513 48932
245 405 82519
732 376 17072
118 270 62055
61 512 36984
785 60 94709
711 532 68837
435 497 54700
123 745 6708
162 38 99535
860 13 40961
247 583 76765
418 339 47325
73 6 178
294 233 15191
492 627 2262
577 612 50663
118 133 62629
569 221 74850
583 349 2472
841 207 33959
154 284 14525
731 678 63039
522 426 44733
513 501 58647
236 693 7406
829 391 22047
854 797 96843
343 136 96486
256 68 12256
430 446 87019
470 183 37002
778 278 77429
161 775 25370
556 290 59231
28 777 99644
747 654 74021
242 350 51198
777 784 85875
149 81 1110
319 46 96439
59 757 12821
419 576 27021
741 461 2715
504 107 56434
558 582 87014
59 148 13070
519 536 1615
1 346 15278
356 313 28908
426 525 61329
643 488 62851
693 548 31645
297 20 47103
430 288 70309
854 331 43556
743 400 6955
435 649 49848
236 363 1780
565 423 42884
163 444 34472
350 407 47210
339 213 18098
286 323 40918
189 533 24685
343 42 61335
303 447 50511
581 218 66234
736 39 76052
591 328 82193
266 374 69413
182 593 66854
98 609 70985
97 615 41530
343 630 64850
749 399 97380
60 621 75188
636 170 78639
646 604 42052
196 393 80704
774 338 23501
505 542 64477
487 205 50130
254 617 12103
140 379 46556
236 683 91093
690 460 21972
484 129 62501
700 77 46175
356 392 74772
218 792 40232
669 437 44322
278 667 66956
622 21 9879
127 113 46712
207 768 2140
518 54 53848
149 186 52348
158 194 47521
523 4 64473
720 709 36342
235 780 81594
232 750 67084
345 378 96500
333 839 78667
60 9 11139
170 782 74942
234 289 94319
156 111 15206
317 414 12357
245 222 82827
125 214 33766
272 361 78705
843 310 18717
430 588 14962
774 570 97642
352 859 74201
711 483 66612
132 106 53726
489 253 81717
643 326 41709
39 845 73933
716 192 39061
597 210 4050
369 377 78778
574 717 42661
551 657 97837
62 47 14506
86 529 12311
632 541 87829
63 305 5532
652 738 85409
496 320 74462
328 396 7069
84 779 12435
198 401 69226
356 309 88580
838 32 61790
21 691 99527
556 165 84291
748 175 77494
862 280 29260
576 718 6056
681 41 86588
859 465 5923
779 578 79022
549 360 19879
791 442 19046
407 23 43134
396 723 62220
55 251 90725
432 579 54004
563 413 58695
533 695 60209
394 428 46244
339 530 28281
426 639 65333
103 842 55236
64 37 28846
470 17 14826
54 476 84652
149 197 60209
203 202 59608
862 760 24606
255 105 94977
592 620 83154
564 849 91067
782 734 90943
690 474 77277
420 600 33241
399 568 75831
681 362 82539
677 572 82624
332 601 82143
419 87 84033
854 708 10570
278 57 40774
607 540 27228
549 538 72625
720 847 52804
238 459 29983
615 623 27590
86 598 66926
513 502 55739
115 209 54239
676 71 75963
203 855 98249
819 347 86429
320 166 79386
761 70 38669
319 857 62751
222 553 68988
570 800 1235
671 128 35451
504 153 12595
191 571 43993
331 260 80096
521 449 61024
388 562 77721
735 373 91111
420 744 50785
495 764 48927
145 190 84425
623 402 56256
456 380 30210
700 628 90318
154 807 79855
200 702 39592
863 680 96758
807 517 40328
90 50 23105
674 830 91424
190 364 56522
541 672 34380
657 490 80737
724 820 33478
203 283 84918
465 143 82361
602 433 79533
583 268 72170
171 368 15293
101 810 88004
324 122 26587
471 801 81332
773 804 54984
840 511 25547
290 237 4308
383 395 4066
6 201 85846
335 167 43719
759 494 85147
402 546 28212
657 412 70894
503 479 81267
773 241 31938
532 605 69468
15 226 527
556 454 88616
516 79 22383
768 119 98585
351 264 57549
196 637 22379
306 411 852
584 344 65840
433 499 35371
619 515 22885
479 650 45507
293 56 20858
306 856 98594
853 329 90952
351 656 53749
335 99 51332
679 746 39001
774 685 76046
302 89 43799
779 421 97243
278 547 94628
552 355 23909
275 633 89152
245 482 25257
326 827 59590
29 244 93651
809 772 72001
199 642 49183
100 7 55519
339 666 90243
404 752 71877
780 590 68245
772 539 664
421 49 7870
544 22 72093
723 281 67235
46 641 32025
428 770 83666
440 164 71646
317 653 64039
102 160 80
400 65 8923
222 661 44130
120 554 4294
419 475 80367
137 789 42448
578 469 58220
279 793 66684
6 613 60237
740 231 99030
594 72 80304
864 835 15040
205 651 27146
226 663 5773
142 704 92529
322 467 47004
227 508 79199
366 660 61115
186 307 58286
256 66 26232
446 852 71545
750 342 49751
729 865 45446
591 725 75644
17 431 31864
392 146 18901
61 10 3989
771 448 35505
189 258 13466
73 88 93166
232 389 54994
594 851 15381
776 557 99603
825 354 35436
395 814 59878
708 453 36943
212 220 58134
440 659 48966
158 821 8828
21 817 14307
328 301 48080
389 537 6804
378 644 38221
281 168 69477
510 229 89992
639 178 8648
407 589 72446
17 608 60586
862 336 66884
345 766 16923
498 506 85990
554 173 29276
382 263 12885
214 18 65910
842 24 63993
831 464 71703
634 299 7938
851 184 76688
198 756 62513
99 811 46175
510 239 37190
627 225 6903
795 655 87048
368 850 77225
772 52 29223
229 500 2917
205 585 51603
632 398 33412
414 844 13663
395 796 17535
300 179 59333
399 638 3489
798 176 73158
662 384 6560
786 833 89523
68 713 12038
186 195 82753
558 441 90465
378 312 12111
548 813 98223
726 144 82074
823 252 82359
362 438 12000
700 250 16586
638 16 45674
719 12 79608
432 130 90091
473 295 1412
626 267 90259
132 665 51847
201 706 83296
540 485 70849
856 822 21410
272 787 22026
141 318 66272
230 48 99724
40 83 41649
295 758 60001
338 806 71841
97 514 23534
2 477 48966
645 507 7470
521 417 18886
490 26 56370
663 224 59185
698 33 502
350 76 8710
195 427 82914
193 35 13577
391 386 12811
252 95 78838
575 527 26434
822 58 5255
792 618 60002
748 82 7262
563 261 76354
533 802 79591
369 611 7063
283 187 43830
161 69 29205
348 416 98683
634 603 51911
562 520 76089
271 586 92628
56 131 39903
408 181 84187
417 721 57907
162 34 2710
36 560 78597
469 174 73760
264 126 44436
814 439 39590
176 397 50341
660 206 28276
854 673 29766
282 635 13994
529 116 14166
131 837 22639
119 185 55031
217 406 24918
630 755 61463
388 707 27150
688 262 81117
361 762 44970
391 580 62358
343 93 40543
404 5 4934
106 25 35122
451 826 21816
88 848 41551
380 445 39881
182 104 15490
518 259 36638
680 353 79415
425 472 36448
261 277 63990
459 321 46229
457 816 41071
727 531 51224
57 172 71636
736 3 76067
840 818 41656
184 765 91639
129 455 92710
443 110 89495
