921 920
461 792 40792
461 616 39815
616 752 15113
752 832 54422
792 706 82659
706 52 77638
461 323 66508
323 437 46737
461 613 46942
461 100 62185
832 328 33007
437 432 64343
792 97 7666
100 193 1142
461 108 69971
193 216 54032
100 899 1518
613 231 16364
231 69 94335
706 293 88230
613 484 45688
193 330 12936
616 329 63748
69 402 49348
484 96 25019
706 221 99532
100 587 14541
69 26 78037
193 715 82729
330 583 34463
330 217 28645
484 637 6068
193 291 22896
108 35 77891
26 671 41826
613 376 30064
402 562 3889
221 70 62514
637 23 19971
637 186 72258
330 502 48854
97 585 15470
329 14 36448
96 311 19454
52 630 98333
562 397 43055
23 431 91299
502 208 93639
96 913 50085
291 709 71323
583 794 45584
794 584 34905
402 316 35871
794 710 61284
899 55 60492
913 232 58513
832 500 87583
402 28 45890
108 379 44173
293 812 65160
216 126 43314
376 878 23631
70 337 12178
832 564 48203
379 586 93243
193 830 21829
613 363 64024
715 235 23715
502 362 79769
878 717 35804
402 814 96781
23 498 11553
235 839 95589
362 639 85337
878 84 32953
432 620 36771
379 183 39845
328 546 66178
311 784 9407
616 238 19616
231 176 84481
232 433 49583
432 113 82532
379 515 86494
784 62 71807
433 175 82610
706 429 10121
429 105 25569
105 677 91195
376 627 228
186 770 85123
484 690 5546
328 503 1478
429 577 68746
183 780 71904
433 409 4193
613 92 20147
100 604 141
97 648 51536
710 902 86806
546 879 58106
585 795 45865
26 2 77986
84 449 82763
792 356 12828
356 846 33836
792 775 98911
616 886 47897
515 555 46971
293 32 38243
108 441 24977
291 560 8004
186 253 36907
584 615 10569
637 681 31836
584 343 56162
92 388 82507
604 45 20993
432 237 97186
706 150 18634
150 398 1916
55 444 32155
388 338 14895
26 838 51614
616 124 43761
564 137 46888
208 275 81539
812 425 565
45 537 4105
677 705 43695
555 180 22492
32 249 14955
433 102 50594
832 628 56452
839 543 82587
105 258 58178
846 114 49765
620 256 39905
616 579 9200
35 336 4620
444 487 80760
503 146 78947
180 811 7184
648 448 18730
690 712 24153
503 829 87993
402 574 33706
616 44 60151
44 7 4672
232 301 48102
448 901 25428
398 452 54916
752 595 85072
838 118 98087
186 688 94630
498 683 2108
484 508 83762
587 660 21130
577 212 47480
829 386 50564
336 803 74076
543 267 73212
96 738 30221
398 381 44753
537 423 40555
92 680 32919
267 527 63669
660 66 98921
343 522 78581
574 729 28199
66 18 52395
577 751 64632
729 17 43856
323 85 13602
839 288 92601
2 825 21356
812 276 71507
780 823 93112
275 576 79025
830 136 17564
586 63 73183
683 307 87661
437 763 99561
336 734 26658
45 581 83392
17 473 48038
14 646 71761
237 144 5618
316 841 19795
216 479 29066
23 82 16700
84 889 56772
176 281 38845
180 699 9491
812 43 80758
564 250 42257
878 494 94201
216 64 32962
212 851 57462
502 331 29927
23 567 94909
452 540 21152
838 858 5993
628 349 60581
639 635 63927
136 507 92279
690 702 66991
479 483 92274
699 542 61239
794 229 52911
444 868 33909
43 787 44710
751 471 89326
69 447 67318
238 37 38047
729 871 84904
751 86 55927
381 197 39227
376 849 56775
356 800 28365
32 145 99413
639 88 2972
105 853 12165
639 761 49485
291 182 57125
258 115 32196
712 450 602
343 51 72894
217 582 31090
794 759 83595
316 415 9391
487 488 87035
784 204 70382
96 265 49072
763 200 16390
32 255 19909
208 299 68261
800 199 44786
17 857 25407
452 807 4065
267 915 17319
595 298 31781
717 774 59456
715 766 22373
363 141 71499
316 324 93935
794 828 41881
85 257 3967
415 499 35771
299 123 77717
28 67 90871
37 435 74647
250 382 48368
343 561 40551
82 855 84327
715 753 69525
182 347 28340
581 294 61374
581 813 57872
37 804 48922
66 568 34470
483 467 23908
849 218 36973
515 908 44047
66 160 26905
795 833 85585
431 234 72699
752 110 40155
800 304 65443
144 914 73968
473 652 86146
639 41 2944
582 678 72494
113 728 86954
330 662 35993
838 653 23813
113 243 60700
183 726 72182
337 591 11281
543 395 97415
193 538 24653
70 556 83865
473 13 49698
258 534 86870
483 46 35933
543 421 81211
423 517 8582
804 651 46384
628 887 88695
538 885 60682
579 139 27618
753 905 40324
560 120 22708
238 911 11742
160 318 67823
814 768 34208
889 385 12833
114 165 60046
238 474 16000
800 665 95193
150 718 55241
807 816 98641
502 340 28337
508 410 33173
584 791 16454
52 550 97821
851 773 17438
855 99 52355
851 158 58401
14 264 79561
853 590 13249
250 459 16822
795 516 57791
347 132 18559
905 332 53290
221 827 30620
595 453 31761
70 213 65292
812 875 93950
473 917 6427
410 244 79758
503 756 25206
774 742 15800
237 454 57895
770 424 79584
917 619 65041
450 877 32121
500 626 42713
887 808 24157
115 836 8804
336 239 8200
542 12 77584
768 634 15597
637 746 50575
583 91 32042
311 309 76451
385 607 97976
243 302 14052
567 725 77035
145 622 61676
302 818 47536
619 148 47863
307 210 12183
877 94 14638
221 815 57434
132 872 26564
581 919 52648
688 166 83797
626 664 85303
715 890 67467
7 400 36715
814 569 89157
568 287 66350
35 202 67742
616 261 83930
527 721 10851
622 873 80841
901 493 75077
751 655 36270
901 42 72224
382 345 91744
166 438 35731
176 56 81770
660 796 29103
671 295 61010
886 289 25882
13 822 83819
763 334 81852
550 268 1327
911 411 68336
118 227 28200
332 445 44808
453 21 66021
804 769 20374
402 714 22504
100 656 46198
775 134 34370
186 491 6963
132 181 96830
770 675 40217
653 859 53645
402 834 57477
780 214 57221
253 47 35580
804 518 60293
662 802 47995
381 891 76832
67 321 60349
917 744 89973
288 248 85621
607 406 19518
329 824 16109
846 179 11126
627 711 86338
851 254 19902
780 405 56477
587 810 38295
810 881 49175
503 185 3672
538 225 86760
447 618 83127
502 380 20972
784 779 77806
385 59 86945
362 847 85114
586 83 11169
124 572 27658
141 605 52598
200 153 25657
449 549 43663
690 755 46832
902 111 5161
250 375 92478
340 470 66002
217 22 77666
328 366 4113
287 840 9690
449 80 54876
841 4 32724
829 552 16854
202 358 25589
23 749 45744
556 505 9778
17 864 45169
646 190 38254
316 658 8934
175 466 30038
622 720 56212
229 912 36629
590 754 74960
622 900 90670
522 831 34180
841 277 75518
82 682 76137
386 33 22983
298 9 33872
406 384 19972
2 203 41645
911 916 35136
637 554 75157
855 344 89018
796 440 23551
607 663 16619
734 396 60701
69 383 21797
487 174 61220
340 31 15787
484 223 95187
810 106 37942
813 650 9481
7 133 10305
725 40 98705
780 758 20426
186 412 68891
886 696 21974
871 882 1574
190 676 16626
229 737 29871
323 865 97520
634 638 56201
193 159 97226
166 475 11263
217 374 48843
31 24 18188
362 817 62730
715 360 54507
139 589 94686
577 195 35943
216 341 36273
438 5 30813
97 530 27423
503 373 66065
725 413 35696
569 222 36583
195 570 45778
13 580 1429
67 422 64755
69 776 84248
604 219 38740
518 821 98878
145 29 57790
88 611 58484
516 220 99665
652 876 18109
585 266 99059
831 640 48136
43 72 99617
276 392 70129
202 785 5893
304 760 4429
500 280 38289
726 531 4699
257 685 98569
709 819 34148
840 252 80569
753 446 49617
796 273 95799
91 458 97447
568 654 39561
200 703 42060
802 390 52109
802 553 13482
26 806 8596
491 274 56794
32 191 27361
703 285 49722
663 320 58010
204 346 33331
604 353 43580
91 157 60201
671 599 98422
728 25 16034
137 226 4224
291 596 46304
145 667 9438
396 490 76332
197 308 27825
859 207 63534
438 528 53586
678 194 20225
422 835 84232
375 65 67543
825 820 91209
136 377 53797
619 809 5807
494 735 27807
202 116 85767
29 745 75483
873 489 27107
347 263 47495
607 38 11409
528 135 70957
221 140 39622
899 837 58702
291 845 68638
505 414 96791
383 898 25586
596 443 13033
197 290 92461
356 95 40155
429 342 16315
22 75 19361
217 647 14384
386 666 56551
115 270 41222
671 1 77833
329 888 26365
775 740 47346
14 278 87957
406 170 34487
289 184 7161
51 496 90209
832 629 83879
534 866 46675
742 750 65096
877 354 28596
210 19 81335
653 107 25429
543 161 52714
380 520 90296
507 632 2021
102 121 99297
69 149 53081
255 624 19345
88 575 73142
304 797 99463
82 844 78745
830 78 52926
336 730 35038
534 861 33893
264 163 89647
620 842 18612
406 317 40150
406 486 1348
19 623 26053
263 224 4541
646 598 14645
444 286 66377
299 789 39788
556 367 6481
815 510 943
180 162 63038
503 692 50270
52 559 79223
886 497 96569
474 614 51053
825 39 3973
677 284 36663
570 391 90905
652 673 35763
622 283 61533
652 778 2939
191 6 59279
46 260 67279
543 870 62637
787 462 34845
522 81 99717
238 403 3294
263 798 63909
64 594 83894
5 74 29846
32 707 91411
908 169 19904
102 523 39124
758 661 50417
730 359 12539
900 893 30031
864 694 33889
818 315 6840
586 904 72321
734 300 85866
646 168 15715
549 3 57607
219 513 61813
711 612 7555
331 852 91400
191 684 97106
133 548 95939
2 36 73619
223 625 4698
830 689 24937
232 417 12220
838 762 2191
491 854 54126
336 731 35305
116 883 24716
798 93 57202
516 482 48832
721 103 2899
832 246 99664
449 394 23020
161 361 2811
363 921 46799
567 551 74889
595 464 58906
505 519 16564
517 896 93104
899 177 2205
386 843 10459
432 426 92001
575 228 68208
273 799 92241
67 764 28870
56 501 19350
43 691 41844
337 322 3908
200 129 29644
14 122 16157
84 188 43035
62 297 32951
88 693 74250
362 89 91869
706 485 30731
280 351 9378
718 772 65584
763 131 51004
377 909 90355
731 884 57188
120 27 336
490 192 39048
768 428 56636
86 73 8823
267 869 98419
35 305 55870
294 335 88769
268 907 56021
13 573 74189
25 156 52728
353 16 10194
93 504 73397
291 439 17986
390 230 44871
871 713 46294
725 49 51124
889 621 95062
320 588 19952
650 154 46052
583 767 19357
395 240 39673
183 125 99088
637 860 97850
554 167 59263
227 79 75196
504 781 76379
738 610 88543
299 198 77269
444 643 9914
678 867 76832
157 533 35209
396 352 18086
623 364 64508
737 894 31112
270 741 43070
7 704 98802
816 333 70528
831 119 47017
628 463 84289
751 708 56534
223 451 49182
613 460 88779
235 8 16017
838 98 97938
787 469 63060
627 525 57677
250 57 49263
585 631 32881
98 399 44834
431 782 31172
621 700 11252
356 670 41098
505 777 3445
828 436 28847
537 757 76566
531 196 38148
879 242 89972
340 34 36932
710 30 72648
177 58 7035
360 480 16922
264 271 37519
394 903 35967
717 187 44068
665 521 41991
688 524 40100
184 416 86252
499 348 50975
842 642 97637
917 178 94173
664 848 46174
317 723 19171
283 790 69240
135 368 61452
110 211 77393
516 296 12826
460 172 92724
889 771 15405
358 130 97398
781 687 99887
651 104 70395
40 698 36526
763 509 39377
141 269 82391
757 378 27120
25 679 33777
654 609 73212
784 209 19044
99 668 24557
429 672 78750
527 262 55953
79 306 5792
16 247 65784
141 514 71897
360 863 901
6 339 94786
520 716 93652
673 20 83750
182 312 48759
321 101 53610
280 874 25180
445 747 25994
95 801 75222
552 571 58456
119 245 20795
339 541 72334
305 669 25899
382 748 74213
921 739 49034
828 601 47757
153 566 53918
335 805 70614
805 325 18019
6 862 51861
840 743 38178
702 109 36795
394 393 81486
458 420 61816
160 76 13179
428 602 43780
518 856 48720
81 326 305
541 442 87972
41 355 10210
139 892 22563
243 387 58634
622 251 29561
815 506 12643
614 592 24335
85 736 13393
533 565 33428
216 60 9617
890 732 67955
195 53 32718
699 430 29658
820 578 12273
249 48 36544
402 189 61073
917 77 27368
79 636 17167
819 279 78226
838 303 80814
912 511 95544
97 645 56786
162 455 16400
92 147 28916
449 657 47479
339 918 53575
883 701 25371
245 236 76045
764 850 65728
744 558 26787
140 468 92231
800 593 33679
214 215 94045
516 722 95890
521 686 97847
473 897 62181
685 563 1534
105 783 72944
795 434 73452
684 71 52836
559 529 20713
551 826 61389
316 155 7581
114 142 21650
810 512 15868
105 633 43130
295 456 64508
231 143 23721
710 151 54289
669 117 18084
326 695 28624
559 128 65100
45 292 651
222 603 35323
367 895 30735
751 674 50718
118 659 48846
680 644 66840
715 600 80744
25 535 56286
693 365 52956
199 492 62985
149 544 20050
105 906 50901
211 319 51425
720 350 19470
264 457 33568
813 724 11605
56 608 59227
770 369 17183
353 370 71010
123 476 41422
416 697 89805
783 526 72797
889 272 95693
305 205 90714
360 465 17339
744 371 56429
145 472 48055
236 481 30153
157 786 53511
642 50 63104
365 478 24030
145 477 53293
821 532 86213
55 327 53526
652 880 38653
511 401 6791
680 201 8427
333 407 40657
27 310 76117
611 641 51412
417 788 62230
601 547 44971
581 10 34185
108 793 13999
763 112 71179
791 61 71996
684 372 44407
547 495 14934
174 357 33463
514 545 71004
715 282 68977
693 171 17187
695 719 21134
114 15 60158
705 733 57677
801 408 14677
122 765 20290
664 241 22570
486 606 51670
469 536 93803
380 910 12074
193 313 63215
689 138 84166
629 419 61141
523 727 80368
642 427 96852
249 68 84679
251 259 1333
838 617 87468
782 11 2850
188 164 31594
468 597 19577
460 649 60826
145 152 56820
726 314 54261
117 233 40680
462 557 4424
629 87 89900
397 389 12040
67 206 37012
25 127 35819
490 173 77436
606 920 95401
220 404 10848
161 90 16638
744 418 54096
500 54 54249
795 539 37388
