136 3629
95 75 15090
75 30 8044
95 89 65361
89 121 39682
75 99 94353
99 67 77716
121 126 23025
126 8 55734
8 87 97830
99 69 90754
30 18 19993
67 78 98580
67 61 50457
69 35 26861
87 127 70526
89 111 93463
75 26 32754
67 110 77721
18 43 86752
87 52 79098
126 68 30115
30 103 65420
99 79 36505
67 12 55657
121 118 25912
110 23 84101
126 33 44536
43 105 24458
75 38 48607
52 91 35738
26 117 20843
118 42 2658
30 82 5579
126 72 27670
38 9 92261
121 81 10056
78 54 58769
91 115 77776
61 37 22812
111 136 8056
38 93 40615
93 19 40480
126 11 6231
35 77 4676
43 112 62676
110 15 67108
72 51 11434
127 80 61111
105 44 61155
95 48 47373
15 45 82510
126 97 29385
127 90 37064
52 6 91109
79 17 14470
9 55 65764
69 100 45443
52 116 98043
112 133 48020
118 94 76686
78 56 19777
51 132 14487
105 64 47122
89 131 55964
72 107 52329
110 109 61183
131 7 92581
6 2 21642
17 46 9790
42 120 96188
131 113 21595
68 73 10274
12 14 19056
56 66 70522
110 32 85700
97 135 94561
51 49 96918
54 4 20555
107 3 10231
82 25 59804
81 83 16648
30 31 63271
131 20 61761
89 57 32831
99 101 291
45 34 78612
35 36 33557
12 63 43273
32 134 5801
34 106 85513
63 92 42742
33 41 46320
55 28 94381
118 129 34048
113 62 37634
72 85 41117
32 74 38383
81 122 38364
90 102 46349
122 60 4831
80 10 93645
32 39 34386
48 114 70030
69 16 3282
79 125 21013
49 98 25276
85 124 26982
19 13 6696
74 24 17677
31 84 70155
51 53 56636
82 22 77417
67 5 12118
93 27 6149
6 104 41396
82 76 85444
81 65 49610
79 21 67450
66 88 65884
44 29 16120
30 40 54614
106 50 73163
117 123 18086
73 86 83764
85 96 36947
114 70 82565
45 119 94438
80 1 10950
95 130 86815
64 128 68382
6 59 60481
91 58 56758
21 47 24300
86 71 434
53 108 21145
8 79 7444
28 78 960
106 102 28672
31 32 97277
37 54 40803
98 43 45756
10 53 52420
31 10 70914
35 45 97004
44 82 69542
20 90 13572
8 125 30889
63 94 3807
86 132 67070
59 32 35619
37 1 9221
113 11 58842
12 49 57643
93 83 23711
120 135 89865
93 18 60346
25 33 34070
25 95 38180
135 45 67271
13 111 40863
79 19 10983
68 3 38113
109 14 28066
23 114 72436
126 98 88010
38 62 28636
47 86 85404
52 110 91979
15 117 44327
110 1 88781
108 87 33439
114 18 40410
131 126 62111
60 13 2161
79 10 73913
97 47 30558
12 101 18371
87 16 51889
129 39 34917
87 20 83581
19 135 795
106 112 12133
59 106 92786
33 29 84046
121 108 25975
42 76 8437
23 87 24481
90 45 75473
2 46 48647
38 4 78570
74 23 22456
60 136 91287
72 66 39529
74 106 95245
95 99 47224
126 4 83475
74 26 16281
131 115 63750
67 116 34211
41 17 55638
34 98 33164
25 22 227
127 101 97236
71 38 86302
44 5 2288
123 2 35459
22 83 20
134 77 47047
27 7 12074
101 47 46371
51 80 33516
22 112 90657
1 111 29926
52 45 44107
81 96 49951
72 91 40728
66 112 57579
94 109 24983
100 8 51118
93 116 51924
111 30 38676
99 52 33827
107 60 12313
80 119 46366
99 64 47581
121 7 46831
9 73 43942
123 30 71547
41 129 9746
102 93 76397
82 77 59843
5 38 76894
55 16 27777
72 96 42431
13 66 90806
49 50 91541
48 66 80093
21 52 89186
103 101 49514
64 66 73150
13 20 39169
127 31 64734
28 86 40502
132 29 12749
82 49 41934
104 97 45303
4 16 12641
104 37 85172
105 11 4232
106 83 37290
71 95 36268
112 93 56195
69 120 47248
42 123 5388
110 76 9684
115 51 7716
42 54 46316
34 21 2128
93 133 30346
109 111 57068
70 45 58690
41 28 27758
51 104 8461
10 11 44927
5 127 95939
40 114 52301
52 19 5555
71 60 52143
134 16 81252
79 132 26041
99 65 92365
84 114 3040
26 28 55504
94 46 90257
21 50 52751
15 98 52216
67 13 50306
37 83 92365
36 88 30861
31 33 19080
135 136 61609
28 84 27418
75 117 89053
98 74 93762
130 102 30580
17 124 41893
16 56 35417
42 99 73819
126 134 59226
98 36 5631
66 43 2807
106 70 25794
123 16 85998
31 114 8231
129 115 37421
12 3 85856
120 19 22190
112 68 51977
50 57 60062
83 27 11346
17 100 48220
87 69 63049
104 55 75224
109 85 56601
52 85 97436
96 97 66830
135 87 17000
93 62 14603
21 111 35652
82 65 27358
51 82 25153
54 32 6997
134 8 83955
94 116 77783
38 39 65892
97 6 11563
23 5 40338
110 105 3983
129 125 92670
76 78 49270
49 129 12119
129 54 67671
5 52 90774
71 17 51073
101 54 56800
72 23 61725
19 45 68057
44 18 81633
2 10 70781
79 85 11915
77 5 16379
35 5 65096
17 9 88411
22 87 26955
7 52 20977
30 131 84263
66 14 99995
107 64 17876
115 66 19806
120 8 74138
66 92 91879
4 127 30883
131 15 98148
38 45 61274
112 51 30749
104 88 56112
126 17 65276
56 123 31284
4 110 25413
97 93 89388
18 22 72480
80 25 86806
11 19 16388
86 64 52000
119 40 61066
68 15 84033
19 5 98978
118 60 73956
9 71 6953
109 39 85101
81 57 3962
24 136 28970
93 10 92517
56 103 32068
56 86 41875
113 25 91970
122 43 50262
19 24 33097
38 41 58352
23 13 62182
115 101 18726
85 132 52566
94 88 78231
114 16 42926
70 71 75219
72 55 38563
97 48 5421
126 66 41068
87 104 76788
118 134 70697
51 113 95829
49 68 57369
46 26 42120
60 11 66471
41 88 98773
115 24 83740
77 128 38107
81 118 28149
125 68 76876
64 57 74889
32 115 39992
93 28 76148
21 80 95973
44 4 41039
75 52 10711
55 31 79566
82 115 39573
29 60 40994
49 56 33277
36 119 74773
28 15 11312
3 115 77970
46 135 43666
122 50 2981
73 124 98840
119 43 90110
52 132 64409
120 32 27156
34 88 19419
14 131 34337
59 22 42607
90 25 40057
3 78 16759
4 64 31185
16 8 17100
80 126 22334
45 49 30626
125 32 80081
128 65 98849
58 87 80155
115 17 15241
49 106 44097
106 116 42870
32 128 40237
8 7 60884
116 86 48225
1 131 65473
18 119 84905
75 119 47513
83 48 86575
93 26 9567
125 83 11448
53 60 70188
59 91 62155
7 107 90329
91 94 69903
35 94 90985
36 112 34335
68 50 43461
36 4 37781
99 96 84334
41 85 25728
97 9 2019
4 75 62670
38 82 38864
78 44 47701
68 86 27866
68 121 9985
51 60 90490
31 104 51877
59 74 7005
113 114 54761
128 82 39241
59 93 36020
96 130 52629
103 72 82656
67 11 74325
124 79 9462
29 1 56617
118 31 96008
83 90 97857
15 74 88083
31 65 78132
63 131 38193
34 90 46770
94 56 26897
53 122 32124
98 118 86138
135 10 6922
103 135 54288
39 89 98721
47 103 8202
41 5 41163
125 76 83269
37 117 13543
78 75 70846
55 127 19232
50 96 70213
123 102 66478
60 69 82164
35 115 18205
100 33 65251
109 82 78064
47 78 44939
116 114 69191
2 55 19801
87 117 79424
22 30 55087
82 16 23549
15 83 74129
91 118 2835
127 89 91171
129 61 43572
8 108 54521
98 95 29506
33 104 64353
49 54 69605
56 84 93739
23 37 39242
99 60 96685
107 14 53058
109 12 90730
135 4 34254
115 12 41145
35 109 78319
77 13 92022
37 70 36748
121 125 31727
99 11 96227
93 117 64022
41 95 49979
106 67 72302
123 66 96242
72 52 32565
129 94 9857
15 34 97310
5 78 63779
56 63 55983
62 25 61714
104 125 4518
78 29 74877
64 6 75623
62 128 14280
71 72 50771
91 64 23265
91 86 77618
112 98 94536
66 25 59974
17 86 51318
114 62 56867
63 3 40599
99 66 4629
74 135 90628
121 69 81907
84 32 19610
12 130 98408
101 105 93969
4 43 75746
113 59 42759
103 44 40292
97 106 16014
119 77 19904
11 14 24262
39 6 58035
129 97 53785
27 108 5018
18 81 41747
106 84 27749
83 61 2655
18 35 60882
13 3 23299
19 121 48431
98 132 44604
47 34 26098
73 34 76386
130 68 86030
43 85 65350
77 55 25233
17 1 25653
15 18 34279
64 39 7977
91 65 3698
49 34 42421
29 80 98422
22 26 2663
119 19 58403
44 68 96751
57 9 95325
26 25 62574
54 48 41255
125 119 88013
69 73 2509
126 130 20998
50 30 84094
15 59 49830
14 41 88343
88 93 88298
110 13 24146
59 38 90931
8 101 40362
126 88 16968
11 20 76753
95 18 51794
85 75 3047
26 98 89313
127 119 54273
117 70 16661
30 51 58178
96 109 4055
58 124 79946
67 114 36481
66 124 81637
2 90 19110
75 39 24024
41 71 78449
65 69 1399
130 49 67628
22 88 57535
63 46 82795
22 111 22335
71 42 17408
80 114 72379
124 125 73404
41 62 74186
48 103 58816
9 39 26181
95 40 31917
115 70 97027
49 4 45656
99 25 68734
1 96 22974
8 47 25344
10 34 68947
102 82 21928
111 129 87334
46 9 54477
66 104 10332
127 91 55209
9 10 63637
81 108 39669
118 109 79604
76 124 3570
3 134 9555
61 107 33020
44 81 14341
2 134 15613
6 72 70940
49 62 31597
26 78 87822
14 22 89706
18 12 92286
126 87 45673
7 97 89542
66 29 97296
69 72 75824
73 81 83942
86 87 47829
65 7 15754
6 32 1095
91 53 33157
20 70 29728
57 67 97430
82 83 61606
111 19 23906
119 87 6257
70 24 79642
35 110 31239
71 45 55029
32 58 22572
79 13 97504
19 40 35846
106 98 848
15 42 12433
28 24 96507
69 6 2442
45 84 44577
102 118 54877
125 61 4281
9 92 57091
69 42 1127
44 60 26094
97 37 56982
89 59 6759
25 86 97671
116 26 43364
21 71 3311
101 44 94157
17 32 63729
113 49 44132
3 117 20110
41 32 57521
127 129 86094
36 89 86904
131 114 54262
113 92 12071
100 120 82941
43 84 30161
103 100 17672
87 85 84152
42 87 68524
31 136 51940
96 126 86596
61 33 73340
84 35 40956
73 11 18656
80 120 92527
28 25 23499
28 127 82798
68 85 58354
11 127 23609
79 29 96040
50 124 18093
13 48 46749
64 131 88768
99 68 58170
90 19 31024
73 54 77936
3 90 25766
32 21 21890
10 39 43144
82 125 93284
17 38 46183
85 50 87934
49 121 21792
48 92 2019
66 53 57037
65 125 69787
97 136 70428
118 32 9336
88 48 54310
63 129 90227
58 17 85376
48 101 10002
77 14 53794
116 69 57709
95 6 73106
99 78 76158
21 38 6717
32 20 63931
71 115 89802
21 41 40642
95 100 12490
70 17 39790
111 93 85642
1 81 22462
125 46 41123
30 9 72649
76 37 11326
112 77 50217
50 11 60267
43 39 51915
28 133 51148
37 75 4148
2 57 15200
131 57 22448
49 55 44261
115 92 21325
123 31 72482
33 5 35454
105 62 35928
20 104 28215
118 3 35243
42 39 26037
125 48 43302
37 43 40830
28 99 92683
72 86 55614
133 80 22131
94 112 15304
131 88 99061
50 107 46853
16 97 48375
115 2 83414
23 134 40813
124 34 73511
10 61 53025
92 5 4126
1 2 32165
68 102 48468
19 96 3251
31 17 73134
19 33 10030
10 12 81439
47 33 7860
131 29 88142
130 46 77434
90 9 19998
7 10 20806
3 85 85043
110 103 48162
41 6 29739
86 24 90691
91 41 33557
105 95 33429
116 89 33609
33 82 7630
11 44 15471
136 50 29096
134 53 86988
96 34 20802
26 82 29598
108 31 43877
86 129 61069
74 97 48235
110 77 62540
39 110 77493
12 127 46120
2 135 88898
129 4 70694
76 99 23623
133 132 83641
59 103 40231
15 52 3424
20 133 71008
110 107 67196
33 17 80129
38 36 3591
85 38 41229
54 38 62904
83 114 37307
2 118 28950
10 48 83925
56 64 92920
95 82 22197
95 63 88831
34 97 42783
98 5 8034
17 97 16407
77 15 80645
13 97 20438
47 106 56587
76 123 35043
80 43 16033
136 9 60626
52 103 17056
82 9 80567
136 106 28651
89 130 91076
80 79 73090
108 91 78090
129 1 13348
131 84 11558
37 28 96600
21 27 88249
86 88 73863
78 31 36991
44 38 74113
15 126 72466
82 78 5984
35 56 37570
84 48 20882
111 43 68518
133 87 80753
60 108 83211
4 57 81736
43 6 81510
97 50 25315
121 72 37536
11 25 50933
114 68 62500
28 22 59972
93 134 32638
98 1 31892
2 60 90119
68 64 35240
83 115 33365
136 82 48710
98 75 9925
42 93 40789
70 72 98039
17 105 76117
20 62 4721
57 23 95409
53 25 61132
27 100 90139
50 55 72644
87 62 45638
44 24 15936
81 66 39652
5 6 39121
4 30 68266
16 50 47967
40 115 63093
64 38 94397
11 65 25089
30 122 69607
41 80 76756
126 132 88203
29 76 57835
16 88 52936
81 99 19654
106 114 50663
64 25 62248
44 88 35358
65 100 43758
49 136 22687
87 48 21863
50 46 6346
37 74 69709
103 90 52740
39 34 2535
4 11 62504
26 76 53721
33 125 87944
86 53 42658
67 101 8001
34 51 56617
88 109 66846
1 9 21919
5 119 94192
96 21 22785
14 32 75963
54 57 34396
118 99 61177
5 47 34349
135 114 28058
135 20 79204
47 114 13600
4 122 86744
35 126 72823
34 85 24771
67 100 78595
117 16 84955
105 5 22452
89 17 26443
133 23 40684
6 22 87862
74 68 22543
113 80 67424
41 122 59509
79 20 84241
1 85 60507
99 74 34458
118 50 59814
113 10 73575
19 6 2045
46 20 69578
91 101 65494
121 85 56637
136 125 48574
12 68 51848
109 76 5597
31 46 85782
113 35 43151
70 12 55232
52 30 23669
49 76 25576
74 38 23804
39 31 48305
83 38 2173
112 58 25528
32 30 92195
36 60 64416
121 44 43499
119 122 68246
126 37 32395
10 85 9334
50 31 86924
61 69 4058
21 16 28159
106 135 18736
121 30 76381
91 73 77953
106 57 41556
12 47 59709
81 36 22338
36 54 15134
81 111 24028
36 37 47217
21 56 8632
52 25 89550
3 17 41820
120 115 87388
32 85 28389
131 104 7971
80 48 97719
65 92 21300
14 36 20642
130 71 35900
42 100 99027
105 15 44899
38 25 99043
1 16 53653
37 47 89497
1 50 66424
11 129 69031
57 65 13362
28 79 41453
109 71 40227
89 120 13742
131 96 6508
62 134 20909
24 6 49676
93 50 70763
109 50 42076
100 61 6972
2 117 36844
3 18 30473
39 125 28240
26 85 77359
103 80 2815
75 13 10508
71 36 42257
82 1 18155
4 108 82940
119 79 28232
98 89 84453
13 91 72901
6 3 46921
77 27 42414
131 2 42053
9 83 39793
28 17 18324
61 99 31300
7 110 84567
2 101 44550
58 70 12982
110 83 70520
34 89 7673
98 28 31963
111 31 6188
75 40 20502
59 75 28519
87 6 63561
106 12 45446
112 14 83546
61 79 17536
98 52 610
98 93 30537
98 54 68260
133 37 74785
40 111 69279
29 42 62249
35 128 95950
3 105 21242
97 80 88359
10 13 58237
1 112 15328
82 79 48884
106 41 22177
37 45 61269
126 84 40916
132 112 909
84 11 75924
34 22 13612
3 125 14891
129 7 24311
53 7 71205
36 90 26091
111 66 12995
103 111 63879
132 100 17634
7 103 78410
67 51 7428
110 92 68248
129 102 6317
99 94 21531
82 18 47777
46 61 85665
80 35 82083
35 1 5289
25 4 46420
115 18 74754
44 84 85244
119 65 57487
94 65 45428
58 36 4721
20 117 42658
5 26 58214
77 113 16624
95 11 56417
79 44 38860
42 22 88518
100 66 39001
87 55 66234
30 12 83826
73 70 55725
82 97 73537
107 109 57522
65 50 33771
56 17 98925
48 104 65920
60 8 36037
81 107 87685
65 66 77347
114 95 40567
100 31 32716
120 112 75324
129 91 16169
26 19 57266
52 74 80697
89 132 8103
32 53 85903
5 7 5201
49 69 67594
12 48 14216
130 10 6847
53 1 82910
80 129 68712
72 27 38818
121 78 42556
58 30 19989
96 70 42681
6 82 82797
31 2 95689
120 21 63943
32 15 71384
118 74 73737
51 18 60889
67 97 23067
108 82 61337
95 12 23678
67 115 76011
99 120 54372
135 14 46446
112 134 45930
134 36 9744
38 18 70601
78 68 36530
118 6 7347
49 122 56668
65 80 81542
118 18 90071
113 125 84510
52 131 2763
129 106 96072
99 112 78651
82 13 90052
10 98 13183
100 87 33108
6 7 88644
9 79 55051
22 69 35965
12 45 90417
130 97 1203
124 97 80365
123 59 75492
22 12 57968
89 29 34233
87 128 48823
98 6 57510
101 13 5276
48 42 48504
20 54 63204
108 55 20100
62 42 65636
122 29 45742
21 58 86513
76 18 58549
100 112 31085
75 81 11465
56 45 56358
123 100 47303
115 119 90724
22 98 71130
33 24 7636
4 17 79960
49 46 83105
105 129 7122
54 93 81545
10 40 39481
106 94 69573
95 88 59577
118 75 12751
73 96 52217
83 136 95528
134 12 6696
85 60 77565
101 29 82454
134 90 71946
14 108 94864
102 84 25069
106 43 67836
82 32 88022
33 105 65181
81 50 19412
32 55 49055
127 3 83499
4 111 92903
9 116 84872
106 130 90490
113 102 4869
77 80 719
136 25 58046
125 66 34870
89 9 51375
53 48 98846
27 39 73592
69 43 42367
11 51 28642
50 27 30315
59 11 86864
24 95 67863
22 94 65592
60 91 76448
73 43 69001
7 95 38776
124 130 8822
124 62 40351
90 81 64872
43 130 54330
133 61 3588
53 84 54066
59 114 89952
98 44 82914
58 125 14484
42 131 36779
65 118 82500
135 105 51497
117 66 36673
21 117 55603
86 113 82423
34 37 54706
75 96 73170
74 65 79510
27 122 41297
31 27 9907
1 100 537
92 106 86777
116 95 27347
93 114 50887
63 64 20415
101 97 6444
86 43 9539
55 117 95291
76 15 56501
85 45 62167
79 45 51066
71 8 64723
40 124 27137
82 80 19530
96 14 12585
102 114 9889
1 71 81860
3 133 18448
78 73 35270
2 29 14107
96 115 40791
26 50 97823
60 97 20346
60 42 45033
30 10 76542
78 110 80943
87 111 12941
2 121 78409
41 70 40505
94 79 56877
64 40 53784
87 72 48113
117 4 26641
14 63 49418
126 100 50978
115 41 84439
89 135 39893
5 8 43230
53 56 89739
46 14 52274
66 85 93000
65 43 62983
129 31 59649
9 44 77431
82 34 84914
19 12 78331
82 107 67569
118 111 50841
11 28 79296
110 73 39149
23 10 9914
110 84 16028
4 76 88019
36 92 13526
3 37 86639
68 65 67545
46 10 37188
31 126 24858
23 1 25317
70 118 62717
3 4 93935
20 113 89105
87 124 96339
49 23 58630
63 25 25395
109 101 80314
37 10 75122
80 40 66063
90 70 12719
6 4 88476
131 6 78311
129 33 42519
81 119 9490
99 40 89817
81 102 9985
99 82 38557
44 126 70215
133 70 56174
83 31 12684
42 36 69983
109 30 99924
60 22 28772
122 110 88906
36 73 51993
108 25 64262
76 126 12351
17 39 47453
103 42 23106
100 124 80520
31 37 61363
101 18 95649
40 77 10014
19 62 93564
117 97 58988
125 77 64916
99 16 69446
33 40 36539
85 6 57668
78 105 15247
93 136 21996
16 100 82741
112 12 92145
93 39 76374
56 18 77623
91 15 69354
22 121 77905
75 17 41832
29 102 31349
24 43 18982
23 8 33765
58 31 29328
102 6 21947
102 107 40393
19 27 89922
41 124 22528
3 10 18824
131 85 7513
19 122 3342
47 16 78472
52 38 97071
56 95 53205
40 68 26170
34 41 25980
74 60 78901
132 108 43920
75 120 69601
3 113 58093
83 3 45933
136 51 74436
95 109 91554
70 36 19280
74 75 56708
92 117 95980
87 54 29823
107 49 19507
130 125 67088
19 134 34120
7 80 62434
115 79 99731
110 37 64991
7 114 8330
15 60 59077
90 15 71881
77 109 54430
124 88 12999
14 80 2818
21 106 42711
21 112 56542
14 98 31300
64 80 78160
94 86 10546
16 108 65309
20 61 84971
4 2 95511
41 133 92181
135 11 35252
88 38 77974
38 58 11141
67 80 80687
46 15 61046
70 109 60123
71 132 97199
131 23 45331
85 27 500
3 74 92528
15 81 57273
114 32 94527
39 70 22056
92 8 2295
106 54 67678
63 132 50490
113 65 8117
7 67 83283
98 16 64220
61 25 89005
29 47 19693
5 24 26397
19 71 882
99 26 83337
129 3 37766
38 65 42328
63 49 23920
91 56 47850
133 25 99088
72 93 73144
93 121 11254
57 126 15966
61 16 14308
6 122 84717
87 115 40583
100 24 42951
108 95 35591
51 50 48406
61 47 10374
92 125 38347
20 89 41203
129 18 59864
134 78 37912
73 84 64697
45 42 58867
19 14 20803
65 120 84641
24 45 74849
37 103 91062
83 58 81147
85 77 83163
71 78 84100
55 75 43058
54 21 60917
38 72 21014
9 91 10170
3 19 54362
91 42 93860
99 87 76514
17 34 17763
67 125 90752
69 59 23085
97 113 14375
66 30 27986
126 77 32282
99 84 84196
92 86 59382
69 48 93432
88 18 51102
81 34 42766
4 100 23122
11 41 33372
95 1 66085
125 69 26466
39 63 11917
24 34 97656
107 124 88133
80 57 84340
95 16 61126
68 105 9551
81 109 43467
90 126 29683
14 84 85003
58 72 36132
3 119 43986
24 7 62282
135 119 17541
60 63 31421
39 21 46837
36 97 23949
75 49 13224
77 3 5413
127 24 39952
41 89 14863
28 100 7189
85 130 153
38 129 43360
114 60 63486
119 98 86666
3 7 64002
135 80 21907
102 28 16205
66 26 80268
113 66 63828
103 102 42406
75 57 11568
60 102 1672
27 79 84499
64 69 60740
121 71 91521
11 77 70040
93 51 88819
49 115 61188
28 101 88501
103 66 6889
4 12 60337
43 79 43830
82 113 74909
44 40 84993
104 34 37272
40 51 55692
64 7 86182
114 55 1448
62 90 90499
74 56 35492
67 68 92671
107 118 45838
121 63 71054
85 107 99102
117 82 65702
84 121 2152
136 56 63062
109 42 64636
52 104 87141
110 48 27108
89 114 10590
96 93 81859
45 86 58938
106 33 9972
79 22 28405
84 105 5757
11 112 28421
80 84 68862
83 7 20972
39 117 56899
50 77 16237
136 44 42969
66 89 29981
59 66 35829
30 8 61857
82 100 61689
127 110 7368
91 62 68723
96 8 96258
75 47 64118
109 104 7794
121 103 69014
97 33 60909
21 91 87238
129 130 63454
114 74 38905
82 64 32094
26 18 22435
60 121 90915
101 68 8321
2 40 34464
108 32 79935
129 131 59295
109 21 15129
19 15 73761
72 135 79947
88 80 72146
77 105 62428
136 29 36004
66 1 97495
42 3 36502
129 119 52909
47 118 22389
133 90 58570
46 116 13631
94 51 82133
80 2 93060
130 87 70133
77 86 14777
8 15 6897
14 64 43315
67 64 15472
8 111 8733
84 115 359
53 33 77586
27 126 20221
15 69 34462
75 70 85108
111 10 10945
39 26 86535
111 47 20198
50 114 95454
113 121 59532
22 76 20782
20 129 61630
5 27 72187
49 42 48751
87 116 79821
82 90 44174
35 136 77815
1 113 78238
39 23 98295
4 8 7247
87 29 27482
12 56 1218
105 69 91141
59 117 46678
74 67 93593
30 20 2018
3 54 86729
2 56 87326
55 101 30773
85 104 48892
107 62 66768
68 75 1111
30 53 45858
18 108 21230
55 45 78040
79 83 17748
64 85 34945
40 94 48871
133 12 96075
121 104 39306
124 74 87151
11 5 60392
97 42 4305
107 67 7428
104 129 34865
40 71 82786
131 134 95366
11 45 50419
90 50 58886
132 42 35413
6 30 70894
84 49 25515
107 9 492
35 123 19671
79 98 13375
39 1 7902
80 131 88915
86 14 92200
40 103 72377
22 99 92922
106 111 70023
136 67 3151
34 38 9767
117 80 19377
3 30 85914
10 68 87419
103 19 57989
57 104 48922
56 19 92736
112 45 18210
74 22 48296
72 21 2850
110 62 58615
28 51 19894
76 53 94115
78 70 48846
88 37 66872
100 93 27208
126 20 29327
125 132 15763
86 78 38280
22 13 84125
31 122 78810
85 21 39180
82 105 84905
116 47 45710
89 5 13146
81 104 25182
40 101 74017
22 90 15676
56 39 75784
111 68 40716
59 107 97269
69 55 55209
8 9 66617
136 124 17406
70 77 94994
47 22 90074
124 68 51566
84 97 55855
48 24 53854
87 134 93857
2 58 78715
46 133 99746
119 4 60490
23 12 87765
109 89 30417
70 135 55317
7 122 89672
45 77 95512
43 124 72247
88 83 90861
65 84 19125
19 2 84905
28 120 11028
45 6 98751
58 122 77431
18 64 76565
7 70 54038
70 122 83867
94 37 81726
12 124 39752
64 60 15012
44 80 88421
20 106 47892
16 23 43689
22 80 42275
117 105 22290
81 120 6511
39 53 30153
73 18 81773
110 29 31576
86 101 57068
17 8 53314
93 36 36411
16 51 50497
88 81 83336
10 69 98049
131 21 17247
58 67 63307
114 3 15388
62 120 78441
5 69 26973
16 93 12812
97 49 4511
20 72 45801
108 24 35433
132 41 50836
4 37 68576
122 101 75394
29 86 55156
96 20 89588
64 23 34792
132 47 89429
72 15 74621
54 34 38261
95 8 24036
79 11 74220
10 14 27455
90 5 73899
107 41 92760
135 1 33106
2 72 42865
89 68 79103
133 11 11485
98 72 76423
134 30 24412
65 116 38788
36 126 50303
51 87 59851
37 57 63444
109 55 43764
62 64 44659
46 25 76750
76 21 52848
129 120 26520
79 123 10861
42 51 90361
21 95 83150
11 17 90508
13 53 4180
64 33 79323
107 103 21874
102 20 66626
27 104 19359
107 96 87396
122 38 92647
38 87 75497
70 107 93815
91 125 91407
70 9 58524
114 73 71572
76 51 96362
109 16 43054
31 51 7101
117 22 99988
56 14 14489
110 51 75015
87 121 4001
21 83 805
116 25 8925
127 2 24509
42 77 91320
68 57 37663
105 96 89345
117 83 82861
88 3 44730
96 112 18517
62 70 78229
6 99 23367
74 78 44439
22 77 78328
51 125 88004
130 56 95341
96 32 99667
113 12 3990
29 99 28408
87 66 49215
75 127 41909
47 4 33007
117 85 97564
68 115 94103
35 29 43251
79 23 25019
51 117 82458
117 101 39022
2 130 11048
25 88 45730
40 34 69024
116 80 50340
26 68 57776
29 7 32962
107 42 16758
37 128 84131
31 42 72744
65 30 20996
102 40 95397
109 72 57028
46 111 24405
118 100 92108
65 131 83504
88 23 59382
98 129 14423
7 38 20278
74 69 88639
129 5 51877
12 105 97628
41 86 87003
20 132 36514
41 120 20771
4 48 89134
43 8 6460
81 113 99557
31 119 44378
109 56 33237
99 48 64945
119 68 78521
50 116 34070
53 135 44617
38 40 95536
120 51 69872
61 93 9047
25 45 78727
125 78 12021
126 56 60357
66 27 45532
10 17 88543
67 66 84786
72 127 91289
80 27 65159
80 11 98505
127 79 58478
45 103 37162
83 99 48981
103 96 14212
51 35 21494
47 51 39054
117 118 80871
39 61 17597
87 12 18447
53 92 4193
70 89 63968
51 5 20582
68 87 73593
41 63 80
68 113 577
121 31 56380
62 21 62360
69 57 52588
73 7 55328
103 67 98818
24 8 36579
15 58 10359
124 134 66182
60 38 65123
92 105 34834
28 103 53552
7 23 9818
119 91 88418
18 36 96992
73 2 17050
83 33 30746
53 55 29259
27 42 33400
96 102 8501
98 65 85126
68 92 68415
75 107 13773
100 89 18424
45 114 99962
4 51 93187
29 133 2291
70 57 7593
33 91 46027
128 59 74832
133 21 26792
106 95 18835
40 35 90989
4 5 38317
67 48 97055
29 59 38881
127 88 78965
130 29 70237
50 61 6703
12 61 3601
83 57 93349
82 35 59835
37 73 40260
105 85 60791
126 16 42551
124 44 82529
44 41 14128
96 42 68093
76 92 90033
18 111 96997
19 58 30189
47 11 58382
33 48 66342
60 24 67842
99 13 14008
49 8 88450
57 51 33410
25 18 34828
29 103 32999
93 118 57597
82 8 16158
134 63 35473
92 95 34375
121 26 52910
98 133 80338
97 44 62769
10 101 6379
108 133 39188
111 25 98728
69 126 8054
1 70 3469
135 76 61971
7 39 59745
69 23 37050
19 123 54678
124 89 55177
101 107 37429
135 78 15561
59 52 41313
74 128 53774
79 128 883
92 134 61886
30 13 78812
70 91 34355
15 115 63651
84 111 29763
61 74 21141
9 81 54842
98 3 14749
82 84 17508
55 27 37068
106 126 89585
103 20 10533
3 96 34285
61 110 46455
111 58 11028
121 127 7126
102 7 41126
31 112 84920
20 65 37235
135 127 6125
106 104 95058
91 71 82356
87 81 27763
43 5 68329
113 123 42378
20 107 54143
9 72 8348
86 111 53259
37 130 13835
72 128 60201
4 106 9593
62 60 40247
17 18 30975
68 60 32483
100 44 8421
61 63 4903
11 81 59423
110 30 26821
48 74 54550
50 9 43765
51 20 64238
11 89 21905
57 107 27298
39 37 98349
33 8 14216
21 68 85927
115 78 4254
9 59 43026
21 107 87163
26 29 90251
31 79 58415
4 96 70359
45 16 41144
102 54 82180
83 94 61795
114 115 38718
80 93 83443
117 109 4318
63 2 70952
81 35 80827
116 66 26849
34 77 2256
48 121 63648
32 86 58349
67 40 18843
102 26 53548
75 105 83720
126 94 68781
107 28 84606
66 108 53040
52 88 34201
116 120 25029
12 32 63781
59 71 45050
23 2 16242
97 110 75219
13 49 24259
36 46 320
32 24 30075
29 90 17039
61 13 84165
21 128 57165
65 12 55452
93 69 20170
78 100 17146
103 60 57232
17 80 46440
44 115 17269
27 20 57684
38 47 71340
28 108 39063
104 135 4054
36 63 68568
135 21 28956
48 98 27215
98 71 14890
121 88 45529
56 3 2851
44 30 71989
63 74 37548
34 101 52566
24 69 67597
6 112 24019
5 111 69262
73 30 64726
111 127 26652
72 111 30259
120 38 48861
26 89 33722
79 15 47619
42 56 23944
119 82 30508
59 94 40827
62 97 26705
91 43 8311
88 15 35493
27 94 32780
54 85 95665
82 111 25066
3 53 62312
6 103 27800
117 94 44239
24 15 15683
50 84 43403
51 46 40004
89 133 65402
117 23 34488
128 76 76436
49 22 10450
58 33 24870
89 45 57243
40 25 60135
78 57 33845
80 106 86040
43 28 2333
54 124 47449
79 112 48039
70 112 50715
18 24 4336
75 89 58975
57 41 62252
3 89 70812
49 38 98812
117 119 19781
124 24 60424
48 77 29051
112 27 93858
71 105 71273
113 122 89664
40 60 57744
14 116 70529
25 127 39465
77 39 25142
40 20 43243
124 15 53522
99 71 95982
61 54 36025
6 124 24489
71 100 37810
22 11 19141
70 25 77001
22 57 17687
70 134 68629
11 36 12728
78 23 36023
39 121 40845
77 53 7346
5 68 99918
37 2 52921
62 30 19748
10 99 26668
82 129 68636
8 61 16465
117 72 85316
116 21 94971
130 59 5851
78 136 63360
88 11 45002
85 55 54754
53 116 65927
32 135 68970
43 87 18057
103 104 69006
31 91 63309
2 70 60561
4 65 14283
127 13 20458
46 108 15108
23 56 39075
16 118 46518
30 21 56579
23 63 62610
8 37 82296
45 75 84266
33 76 97599
49 80 74670
123 78 56323
68 123 49902
32 18 71678
50 32 74570
47 69 11029
58 92 75019
27 99 67879
98 17 22425
123 55 40325
89 103 16548
127 97 56945
49 29 57579
70 60 47099
27 109 12962
100 29 4742
57 92 24113
75 121 89131
2 79 85153
130 73 91839
70 34 53397
97 24 16814
73 72 2546
35 13 25701
21 40 41705
46 11 97075
132 67 97447
52 14 72724
79 16 37907
119 16 77259
94 95 88380
26 62 78643
63 135 88018
136 41 15463
132 70 16302
108 115 81456
119 118 38307
85 35 45520
40 112 3678
82 103 18853
61 59 47722
72 94 6832
115 27 69478
100 30 76886
98 30 8859
7 2 94710
71 128 22827
65 76 33676
80 123 49091
109 69 54225
25 129 40915
27 73 78911
98 50 1378
31 22 10860
12 119 33057
63 136 26026
92 77 86841
102 12 29300
18 91 42479
52 71 47931
60 95 55619
127 122 37570
29 91 88780
94 120 97265
65 132 94839
58 59 97804
67 14 87615
68 122 18930
15 3 53620
85 63 79010
95 122 30305
97 112 71577
35 14 26011
30 114 30378
54 43 10621
60 109 59246
72 39 3666
30 105 66708
128 129 65694
59 76 15124
53 35 36518
13 4 3493
101 37 94961
7 74 28651
41 127 31773
69 62 21032
27 2 38805
4 31 4638
103 31 64181
77 89 27208
112 13 90706
133 33 10293
2 133 90833
26 12 70163
28 52 29193
72 129 79115
87 18 1380
12 31 16307
49 132 26472
77 72 18200
52 48 54148
70 52 97324
90 53 35657
18 79 95156
20 108 6199
29 50 79406
95 136 6728
27 11 91829
133 67 1416
4 7 33888
100 59 88015
79 136 314
83 89 74279
99 106 37573
126 135 18846
84 26 49871
25 120 68031
136 18 95777
132 14 3156
132 18 5290
67 126 78444
57 71 13323
98 21 36571
64 127 22669
116 124 74482
2 71 37555
72 97 58298
14 95 70796
111 99 91353
2 94 46442
43 32 70614
15 96 1665
121 65 85973
44 129 42844
72 108 83783
105 118 14990
35 54 32221
76 74 42203
7 56 36765
96 65 50026
73 116 99521
39 130 89616
79 114 20625
3 21 83177
54 100 14844
101 76 34473
74 110 8285
22 58 4310
64 72 18326
69 39 86190
38 112 96841
47 23 61426
6 100 76916
38 110 12584
70 28 91100
74 136 3295
66 82 70373
110 102 99686
99 30 62029
16 105 48756
6 8 39011
102 53 87056
72 67 27259
11 114 29240
122 45 52195
69 127 79906
92 55 43714
96 28 92191
29 135 34836
33 22 57468
84 27 61058
110 2 94182
29 72 46456
55 90 38503
47 76 86203
73 16 88049
107 108 11215
84 66 47635
27 95 1617
6 134 40542
89 82 17897
51 63 63225
72 92 54304
23 11 51697
93 64 691
80 9 92386
56 124 30076
86 70 16837
16 104 52354
88 117 98656
46 78 37201
30 128 90647
22 71 78754
85 102 28780
109 66 69963
71 10 70851
49 64 27701
4 22 579
33 45 81674
18 133 5823
9 42 46844
81 79 82147
80 108 22265
49 57 97302
28 29 78464
71 106 68304
129 19 54872
38 30 49381
24 62 15817
113 87 72149
55 96 26214
74 40 44964
84 127 75271
37 40 71438
98 67 17865
81 10 98891
89 10 23252
24 47 21025
116 70 41750
124 55 21429
129 109 75068
46 47 56219
42 2 39178
8 46 35401
38 8 57315
94 96 91236
128 48 8013
52 73 51699
132 58 55576
18 53 1317
118 45 78393
49 99 82703
27 4 96392
132 11 25373
4 56 99651
95 22 97690
58 13 71441
30 64 8479
56 68 58184
23 93 36373
43 82 31545
44 130 69915
98 20 12798
17 16 19113
117 27 76648
103 122 19621
49 43 63274
41 72 30857
120 134 59748
127 20 91696
51 71 64481
20 114 69522
94 75 63038
36 99 557
4 87 17479
19 53 3824
64 101 34473
129 14 17440
121 5 20773
61 131 16401
84 46 21991
61 65 32288
38 31 29994
35 73 11500
63 76 18530
118 95 50734
21 31 22155
109 22 87880
12 15 89092
41 74 83974
89 30 41603
79 90 60819
46 136 76945
103 34 70073
114 104 75669
83 85 86731
96 113 39232
82 94 80093
89 105 89226
92 10 93676
98 105 17841
12 55 42554
135 108 37336
15 75 81577
111 59 92185
11 6 70285
13 102 68758
44 54 89371
104 7 65915
42 106 35516
61 75 14572
101 87 25075
110 93 32014
117 115 32680
30 90 71274
46 109 66327
10 120 84923
95 36 49216
9 3 47086
28 53 83976
55 112 43858
66 86 84688
124 65 67284
26 47 84942
9 75 24087
50 128 60386
88 9 13273
106 113 5628
50 120 50247
135 12 36354
62 73 41274
72 11 31901
31 6 34438
83 32 18923
120 47 66933
110 98 70652
71 56 16716
24 35 90235
19 83 47875
17 90 4605
75 23 95942
116 96 36456
104 132 67573
29 81 21308
7 62 30338
59 43 98642
110 114 76194
34 9 96971
68 27 77485
86 52 97525
131 127 57419
112 113 68320
103 88 47620
107 117 62601
6 132 98206
96 54 78521
9 35 80282
122 69 410
132 136 77236
96 95 44655
13 87 55372
87 70 50660
127 36 78772
26 7 90496
10 20 4754
56 115 4831
16 132 61378
89 117 7461
42 121 49668
21 88 19521
60 100 54327
87 59 33677
91 49 10376
54 82 51998
5 91 79850
78 18 56972
85 42 65655
118 130 14796
90 42 85012
62 71 86491
134 130 33111
28 80 65937
120 43 85993
128 103 57250
5 107 25956
46 57 39374
66 5 59670
88 130 83479
91 83 11208
86 16 36446
33 21 20199
79 49 1487
55 40 47320
79 32 36471
56 44 92137
131 90 2721
88 26 5757
94 114 46270
92 69 48073
131 26 93536
113 58 85829
87 136 11981
13 54 89316
125 4 60915
75 67 62422
131 69 90038
116 22 17088
104 115 25577
94 77 13948
30 71 83565
117 56 37270
97 14 24525
133 34 94914
65 32 83485
43 104 14783
56 107 47468
29 94 20912
28 69 94785
4 26 52565
56 55 21811
132 36 55322
2 5 56943
6 1 44512
72 74 65350
4 115 72277
11 42 41079
86 74 23532
53 98 92689
133 109 11170
25 29 43401
131 32 99268
20 41 64599
66 46 67727
2 119 14319
111 130 81641
59 3 15762
114 96 23072
125 12 53361
69 8 15853
39 40 40849
71 34 95560
2 62 49960
72 130 28573
15 136 26314
29 118 26666
22 41 77116
55 18 25131
30 7 7974
110 85 36781
19 124 80468
99 63 60845
82 67 33234
105 136 87281
37 21 67496
94 50 39230
15 71 7462
74 133 13271
100 35 63836
1 8 902
53 34 2934
8 10 29684
5 85 80419
70 61 36090
126 107 64422
62 72 96087
115 86 29077
72 31 62802
54 131 69388
49 3 69491
135 56 28021
68 63 53120
64 75 73053
122 9 37777
59 134 8570
9 67 79041
15 47 92206
92 124 57884
37 49 84854
16 106 97441
10 104 48776
38 35 19326
70 108 86289
66 93 99249
114 22 29134
4 39 59793
108 54 46805
25 16 13985
108 52 90953
58 75 25194
10 94 33961
25 130 36540
102 71 46261
110 136 59896
6 121 13534
36 133 87947
132 103 95575
8 127 49142
136 99 44153
57 28 33643
74 45 19807
59 70 30664
94 34 2982
90 16 42517
50 22 70693
39 57 12433
57 59 46775
8 67 98630
101 74 9528
118 131 64323
80 68 76807
134 135 12107
53 93 73196
42 52 95419
30 101 45320
11 12 84735
123 77 57106
65 83 25588
134 47 20517
37 38 49199
103 124 4122
85 129 68303
135 47 45577
91 87 14908
61 117 36193
60 135 39315
115 121 95870
100 49 17784
15 48 70551
131 91 81970
121 66 34741
34 14 32318
88 24 21715
104 111 22265
36 43 92837
76 103 20475
126 89 1259
116 60 14668
51 74 75682
41 76 77476
75 62 725
103 94 38587
116 54 86815
46 21 51309
63 65 11135
67 3 44317
70 129 35589
56 116 42056
99 31 5657
60 79 63261
112 25 80417
92 135 28542
94 115 24995
108 26 99000
112 95 81815
23 25 42338
43 94 3530
16 22 61261
55 128 49666
24 59 39296
76 34 28472
60 134 51935
129 92 58353
132 72 69440
19 46 23814
113 69 30662
82 120 26811
43 134 97167
127 60 5454
105 91 11001
32 33 7634
136 98 28783
94 90 29386
38 94 79904
13 119 47997
82 104 77505
47 49 12743
105 99 5652
56 90 98287
133 58 12658
133 97 28375
39 96 25856
77 61 49993
70 98 42133
133 119 84923
106 72 9233
26 119 24697
64 95 67548
107 15 99045
65 19 85206
122 15 48974
81 61 51526
136 2 28442
16 80 54428
132 76 98922
86 54 69385
22 86 29183
135 13 88774
82 121 78027
110 55 86045
67 49 40180
128 130 64416
13 136 71185
103 23 38928
18 19 98491
59 112 46927
43 132 45388
10 4 22968
79 84 18022
25 56 12484
134 132 51716
129 132 80444
48 6 40875
105 108 83001
112 135 81658
66 63 5416
72 110 96212
35 124 62389
10 65 87848
103 97 87983
122 94 48001
54 88 16874
121 8 46127
60 110 96907
20 93 23639
134 31 25246
93 109 54759
48 7 90417
13 24 4641
60 1 75457
26 127 21615
130 45 83292
91 37 24905
66 96 33990
20 115 49474
114 120 69847
135 85 74739
133 4 76833
117 17 64504
45 76 23069
62 109 97716
52 111 56511
135 65 79899
80 3 41458
13 29 24189
39 8 26100
101 5 52608
136 10 16276
48 126 95843
128 34 62806
60 104 54202
127 27 85327
102 25 89407
120 113 12568
106 124 772
70 35 44954
33 7 3062
73 14 29854
124 69 32099
54 60 98085
67 128 52323
52 126 77
19 91 57341
49 83 32668
89 52 92751
20 130 87065
93 33 1807
50 105 95364
8 93 93624
98 18 44740
94 84 88131
57 8 21512
53 26 17747
73 74 56733
68 34 12632
66 54 9632
98 19 73832
16 68 74193
83 75 26988
83 44 28061
22 2 72921
88 67 99416
15 118 9225
33 62 8106
5 1 8628
36 66 27913
59 36 10914
123 51 44341
19 136 90751
22 89 82243
35 111 548
3 69 47045
122 82 89106
130 123 33127
75 128 79071
62 35 36040
110 94 23803
40 87 11462
36 105 43435
123 135 96994
117 33 49582
120 44 72977
52 29 21394
109 23 96228
91 103 86915
73 38 6085
128 10 79721
83 50 81656
88 96 2432
98 80 69038
67 69 25886
8 50 29544
24 101 95779
121 73 66519
77 28 33518
23 99 38106
11 90 8195
91 44 71052
130 131 54664
2 100 82486
15 38 20408
61 45 85329
12 76 40645
135 61 59109
5 9 6551
122 39 45689
3 50 28914
22 15 80030
105 6 10496
136 6 96452
117 28 34889
36 91 59038
132 109 58225
64 106 70197
76 118 91181
122 104 24443
130 107 92419
99 135 58478
112 103 20626
128 110 97647
115 98 58578
3 135 45658
80 128 72077
105 63 49966
53 11 62195
18 131 58634
12 126 61036
71 96 26650
132 73 93825
61 62 66278
11 39 93792
124 51 13124
53 129 25956
89 97 72930
102 22 13156
89 40 85886
50 58 20458
125 128 45784
63 123 41893
111 55 51986
132 74 72512
115 61 38361
95 113 24922
82 74 90418
131 39 21399
62 135 92693
124 57 61447
53 54 20078
68 116 43417
24 98 52087
41 93 43736
113 79 93292
89 46 62764
74 126 24229
28 121 27652
2 54 35226
23 50 38290
93 101 81527
26 32 7937
90 57 11346
73 104 74382
128 81 74484
115 42 41129
86 122 270
131 13 41190
86 23 77044
47 45 10068
73 10 77073
15 43 91136
71 133 43207
96 76 68919
77 75 73486
1 54 78918
113 13 59192
78 12 72020
28 105 71506
39 16 66694
98 96 2678
122 111 32240
50 44 15147
32 13 3486
126 91 24640
28 97 4604
113 72 6141
48 14 69833
4 50 23329
117 95 18208
3 57 9111
40 50 61212
119 99 15152
65 2 82275
86 136 53314
45 36 86402
72 12 55369
109 67 60486
21 78 59294
29 58 28836
69 68 11884
67 117 69157
47 98 24495
70 27 21104
104 120 27903
97 29 34729
58 108 36852
91 80 93462
16 101 76579
126 1 90412
57 77 1656
52 8 12987
104 61 89348
118 132 29534
6 106 69734
36 67 34586
93 131 28693
40 93 90901
61 109 74688
15 99 36088
42 26 9660
1 78 4515
83 53 81863
127 35 73209
68 48 44473
129 93 65322
90 58 22157
23 94 86697
35 19 35781
10 41 95998
130 90 45240
53 99 62685
119 46 33841
118 43 99555
110 111 80930
70 111 5869
112 64 25451
4 86 92881
132 120 1618
97 2 44594
30 132 12219
125 47 38852
33 38 21128
130 27 48394
4 136 82888
62 77 94342
74 53 50045
12 64 62339
44 59 54826
102 27 85843
79 56 24181
1 55 79500
28 94 72665
116 88 85539
101 98 7682
76 23 67214
17 96 62162
30 107 14680
136 23 11466
97 132 88300
60 75 73884
16 83 13456
35 117 53348
91 96 43754
45 62 84227
134 136 55697
36 25 64032
133 62 67386
20 69 42288
110 31 6707
89 88 21588
4 112 82797
107 10 45538
31 109 30937
48 25 3741
34 23 46837
34 66 54565
1 62 9674
74 81 58150
42 55 71170
4 15 50930
40 26 37961
28 134 28114
125 35 94054
54 90 21319
42 124 33941
38 28 99134
66 28 95411
19 109 53803
40 22 69425
98 27 30575
99 73 60192
83 100 39028
84 98 36782
66 15 80855
64 65 88177
100 109 14444
65 39 23687
91 66 83292
61 112 84601
93 73 17970
11 43 21338
99 125 61150
46 81 31998
36 10 48467
122 83 14297
67 44 9029
38 108 70875
53 62 9507
40 130 15778
48 96 28155
90 113 30269
83 76 76434
40 121 94762
93 29 12011
31 13 33147
40 88 8462
20 134 69793
46 52 12550
8 88 6887
82 7 5877
92 96 72798
16 52 84192
73 90 46384
74 47 45211
84 85 45176
38 124 50806
43 16 92898
19 61 11490
72 78 73521
119 22 96296
131 121 97783
112 8 99321
40 81 94763
95 19 83401
50 110 46405
17 12 14425
70 63 80136
128 88 30764
97 25 75816
26 14 47421
97 8 73733
135 128 85021
88 39 90421
130 5 84694
90 59 79851
134 71 25390
30 14 29771
85 4 79138
73 107 2393
136 5 90070
85 108 64398
25 107 14525
117 68 40995
17 59 73839
79 12 74621
113 9 88514
30 47 82677
16 3 66359
82 75 34698
42 75 10269
16 24 73017
5 55 53427
121 36 50820
3 60 59958
25 2 96945
101 123 8185
119 24 8103
3 40 9538
34 129 43252
43 42 17766
55 65 64148
47 70 56131
9 61 11438
36 72 20489
129 96 51627
105 70 84701
90 51 77804
120 61 44355
25 103 79843
5 16 70309
58 78 38525
6 125 32538
16 6 83222
69 50 47925
45 50 484
31 18 15519
11 107 81545
23 98 81237
81 123 13658
132 127 97153
96 56 58342
124 70 86594
93 84 18983
123 24 39031
95 77 90343
26 107 86216
32 126 34834
104 21 60652
100 101 89558
61 95 48452
45 54 4155
99 43 88112
20 6 89155
74 129 18723
48 94 13655
79 120 25577
118 23 55542
128 126 81353
107 90 63717
72 22 98827
35 67 56993
53 37 76738
4 58 90599
55 3 98151
121 57 47316
135 5 38579
119 120 20161
109 116 57254
109 86 47447
73 21 20749
12 57 57959
4 116 50123
45 127 186
91 45 10779
1 38 37284
13 36 86394
7 25 11622
23 135 80505
44 114 53694
27 58 37098
31 69 79168
101 80 84059
79 126 72585
112 87 1197
19 97 37673
118 108 79315
79 116 68051
29 8 43072
85 51 34785
99 77 74202
4 118 92855
100 79 31382
46 29 66522
118 12 21576
106 38 61990
130 19 67785
68 106 61185
30 135 11408
133 91 43002
77 60 52470
87 64 44208
29 36 92526
50 88 47546
67 70 42157
34 46 70787
104 47 3421
16 115 10102
32 7 18803
63 4 42733
16 81 19232
53 31 1751
60 66 2161
25 117 88168
18 54 48708
23 89 84977
73 63 67351
5 79 42440
43 117 94647
85 53 99746
81 76 76169
1 128 14471
127 59 7504
16 84 86651
135 101 51137
51 131 22536
19 67 79190
34 72 72531
25 122 12799
31 70 78698
40 15 62285
9 23 83324
7 13 18726
70 38 77369
121 43 6798
89 101 49168
16 120 7971
5 25 53922
79 50 46179
133 88 70840
111 135 3342
27 8 46564
78 13 34961
51 91 70692
108 74 41926
9 26 13722
32 42 87409
130 53 13984
35 131 52240
69 136 96823
29 111 80181
18 8 45779
30 85 40791
54 135 56368
129 114 95514
111 123 42067
56 26 18564
120 27 4192
80 70 4187
87 2 14994
53 38 48015
25 57 49182
131 86 34522
129 10 22760
73 12 7618
98 120 79539
20 48 36748
127 39 70863
15 119 35804
33 77 10453
58 1 49299
56 27 72034
69 29 57926
30 29 41935
5 109 94752
94 70 91008
41 97 44423
20 88 75109
26 103 80699
101 6 13431
58 63 19183
44 127 61784
93 58 3364
98 97 84712
112 101 78548
7 66 96737
22 105 81345
92 126 83640
65 14 7813
27 123 58050
73 44 65696
127 94 95117
71 50 11846
58 20 34052
73 131 847
52 1 52551
116 30 35999
4 123 20642
116 58 93695
64 92 90961
18 28 22891
41 18 38785
54 97 43378
123 25 94597
15 97 50726
13 21 90166
75 135 52980
113 4 67237
2 126 8046
41 61 72457
73 79 90252
19 127 80613
67 45 5325
29 38 16805
17 52 67062
134 72 67345
124 18 30744
7 130 22250
19 132 74559
96 36 62779
120 117 61313
43 7 35855
127 73 14226
43 109 91919
120 125 19339
29 134 13682
93 119 11148
20 136 64085
93 13 25840
19 108 73755
14 99 98790
86 5 56540
20 4 69436
133 54 97208
19 47 18100
101 73 31893
119 30 96050
18 57 96252
54 14 99737
86 40 14548
24 53 29495
78 2 18475
17 29 62102
36 26 14756
27 52 60536
14 16 82857
130 135 81766
91 23 88006
55 78 7475
39 28 63787
2 49 87015
64 134 71177
3 22 52125
88 57 60438
91 84 88033
3 97 86952
131 92 54526
24 52 1900
109 106 9512
80 18 3201
90 18 73074
24 81 1567
96 100 77925
69 51 71581
74 5 79744
130 15 53215
65 17 91184
6 49 22404
106 22 59477
17 108 2141
82 61 81294
75 92 42782
57 60 5081
69 1 30291
2 74 49519
17 66 23302
127 130 34494
55 8 13918
42 122 16874
134 1 67189
114 90 45001
111 28 37324
53 87 48039
101 25 12918
55 26 8750
29 43 39919
18 33 9729
32 95 56352
93 1 98040
46 5 60656
114 119 31050
106 101 98645
61 17 65009
76 127 57122
89 51 13859
47 80 64021
61 105 28117
85 8 46387
116 100 24882
131 17 39430
11 130 92172
116 107 80753
112 41 64305
65 115 47910
42 78 78208
52 121 21071
104 54 99800
60 10 48887
118 126 98603
39 120 49467
117 130 1373
40 117 99319
64 94 80630
113 29 9696
22 78 99435
117 129 42243
20 105 27096
43 30 47370
65 13 92119
59 56 43030
78 36 93464
90 76 58116
88 12 51984
118 123 40076
5 17 95865
103 133 49562
58 24 48834
65 67 54501
90 4 12950
104 62 65414
110 3 51321
109 99 62844
88 51 80735
32 40 85649
11 48 25497
60 18 11189
117 76 47444
6 9 66765
66 101 1686
8 77 67162
5 50 96307
45 22 39549
41 109 79855
39 12 14205
39 24 52296
47 90 93562
67 71 96596
102 83 4847
82 12 65684
56 20 87576
97 31 29905
12 84 53430
32 124 48970
102 34 52158
91 74 19420
122 128 62973
35 57 48730
31 34 25524
29 112 80559
136 39 10434
47 136 29616
7 19 56723
124 52 70950
86 26 69383
67 122 54023
62 108 34013
18 14 36893
51 44 26459
22 81 85827
12 89 329
29 3 53480
85 13 41586
79 14 36900
69 101 19275
91 32 2916
49 101 56470
5 117 57147
10 42 34246
52 60 92614
78 80 97933
135 116 70482
62 65 23814
16 15 44062
27 91 47490
61 53 18961
88 102 61540
85 114 70905
104 133 95783
29 48 78051
42 133 81914
14 130 66861
128 66 46157
117 90 92875
114 117 77965
76 46 3513
76 5 23542
47 88 72064
135 55 2322
134 94 57128
56 5 22308
65 21 14541
53 12 87308
121 134 82194
67 112 68802
111 60 50054
64 8 77921
133 52 59817
44 61 1943
86 57 22194
45 111 29535
136 48 38249
85 111 18818
104 92 11407
82 31 76430
35 6 45024
41 77 52501
49 81 76753
17 125 72331
40 73 51370
17 127 8272
7 125 24950
23 73 84616
56 48 49779
87 129 96961
92 37 36829
20 76 56544
96 132 12351
88 13 92666
2 52 99810
115 76 7263
74 92 53683
79 121 53611
47 41 27058
121 128 39867
89 90 60838
61 118 72729
116 77 37108
107 36 46496
100 38 86483
30 24 95615
92 98 3425
134 40 80865
120 95 63105
17 87 61551
51 39 68985
128 100 14077
8 80 82033
28 58 33253
59 30 56418
14 58 2897
52 13 13666
52 18 13674
36 1 87535
69 25 34085
99 85 17580
83 77 7551
48 91 60541
96 118 5254
44 48 34354
37 69 64003
62 129 1463
47 52 416
80 87 30824
79 30 52448
27 125 72451
22 73 84374
116 119 44592
33 86 22917
6 10 49492
7 46 43505
73 108 67864
23 26 58699
126 113 13225
101 56 94547
108 90 80567
55 119 56622
84 107 20436
75 3 54042
47 9 23395
74 14 52208
34 86 76083
130 116 92332
132 113 47332
100 77 95915
86 48 21220
68 110 24474
122 65 45932
29 11 13430
30 57 48573
32 3 85714
88 42 5207
114 29 92162
37 32 79698
72 131 65934
34 91 52374
93 30 11467
135 22 27588
10 49 45326
24 87 3951
44 128 52953
86 79 35836
84 62 53169
62 106 63648
15 44 80499
53 88 98266
10 43 46573
76 38 49337
87 56 43346
101 78 82640
43 131 23317
123 87 1234
110 34 92471
134 95 38417
62 111 37346
120 34 50580
1 43 66635
46 126 59040
110 79 57375
103 49 91420
38 99 9749
115 93 98075
132 66 77957
82 72 74259
2 3 50328
99 124 88449
23 124 73699
121 33 1193
121 15 31221
47 117 92757
58 34 6103
63 5 24211
17 13 99268
13 89 795
104 91 92439
39 62 54698
16 85 2190
34 69 97838
50 60 90980
6 114 24961
18 37 98771
128 105 35727
58 130 37062
54 6 11598
136 117 14104
79 33 65573
16 44 49287
77 84 31882
35 134 88749
22 17 77262
126 38 21545
128 28 31345
6 86 88386
35 11 3328
17 14 34076
88 97 63663
92 112 64185
43 52 9341
76 94 33026
33 124 50108
102 121 86048
86 121 63300
39 134 89721
128 33 13635
87 49 19484
35 2 99708
9 93 41707
34 6 47670
6 89 31788
127 123 85039
122 96 65087
10 44 37999
77 90 55853
85 82 55709
119 32 65517
26 67 15732
37 84 71927
23 116 99740
77 129 31053
96 119 54613
102 104 80387
92 121 13567
67 73 85496
