1000 999
679 193 28520
679 581 64624
581 998 49828
679 524 47559
998 704 53535
704 78 11674
581 979 76545
998 73 42285
193 160 74725
704 220 82256
524 599 58153
78 967 54241
704 932 73651
932 488 22198
679 392 36597
220 643 4694
220 341 24966
78 163 46446
524 374 22147
932 122 55886
163 502 50715
163 661 78440
122 711 55807
392 209 30375
392 699 49906
341 694 65772
704 582 24209
73 474 745
160 697 54241
582 406 2622
694 417 41270
220 276 82352
979 894 90491
474 169 31868
524 668 70392
668 59 43246
599 241 94807
967 154 1621
502 853 5971
163 134 15286
668 714 11821
406 847 70080
417 182 44305
193 887 24497
582 42 32854
932 700 38676
220 14 30306
582 900 65411
276 32 90438
160 409 43883
979 290 97985
169 382 3456
382 895 71441
14 528 57746
524 692 9097
78 931 91751
32 403 71479
290 813 88841
704 128 44581
694 650 92939
14 920 69240
979 606 98401
209 958 79125
42 21 18255
679 740 31305
894 75 21370
700 7 31696
650 803 73441
697 87 15521
711 308 12962
528 673 64697
998 116 15250
160 681 51053
931 337 57
241 721 19462
847 499 42122
59 26 23064
681 536 92593
692 742 32472
134 859 49489
606 358 3879
650 873 93626
7 623 38537
582 144 26406
21 613 98625
7 468 96995
900 58 13266
661 542 35270
692 302 35494
711 156 91223
721 831 62691
417 698 51843
831 400 57078
502 952 73873
134 712 4130
75 874 11857
536 433 34775
58 591 4581
712 670 27418
711 609 86103
721 946 26301
308 908 29062
169 112 9634
392 204 2717
998 266 57424
606 404 60512
694 16 70455
528 397 26667
623 36 38094
699 277 4503
75 590 8085
154 33 36366
694 529 15676
156 897 84551
488 705 85748
209 265 1539
958 264 77974
264 1000 28319
692 278 87842
264 878 8388
193 64 97532
182 812 17964
692 806 37878
900 608 14351
290 398 70311
156 660 77183
967 535 79527
812 970 28470
182 943 28591
182 772 23659
290 947 99777
21 462 15949
36 521 84884
278 483 32567
679 329 78067
483 121 78806
329 285 78945
623 210 97994
33 49 46266
847 102 78208
803 373 81970
932 46 14691
900 296 80033
358 157 10023
712 809 38269
606 60 1461
308 62 50194
643 556 62441
946 635 50169
542 207 33923
670 791 38441
668 614 44904
112 520 87627
398 934 20840
474 820 58892
947 906 88447
266 437 86687
906 774 33139
58 560 72623
697 976 50081
32 553 89173
46 883 6026
831 818 16589
581 525 5745
16 747 22414
462 924 44660
121 664 83994
302 108 3008
664 129 99695
42 261 36673
193 865 8500
528 610 80795
679 512 84598
290 230 16295
285 280 69555
33 686 98998
660 37 22437
520 980 6417
590 899 13377
560 231 93487
714 587 13373
128 375 95122
358 849 16343
277 585 48310
285 159 28214
375 183 47651
664 120 95066
686 771 40795
958 904 50680
62 817 80990
853 498 98158
806 839 91356
661 683 50257
285 720 40505
296 267 18788
591 540 56576
704 607 82176
207 626 12286
261 968 17208
670 594 29342
102 349 1712
697 269 42816
705 981 33450
594 69 90914
742 966 15150
931 784 92065
813 639 20656
721 795 39712
285 879 72000
553 625 14545
108 713 77185
499 706 73293
700 309 30694
21 564 49379
899 758 94008
120 579 92796
36 666 93393
437 762 7215
887 459 91410
809 977 80305
280 289 87592
7 66 95076
742 717 10465
713 658 367
874 969 88933
520 12 44007
686 938 89460
204 964 23821
712 201 92077
847 842 95085
849 957 78538
957 318 76851
524 272 16488
904 452 47249
897 61 92751
969 306 68145
26 942 65494
979 850 54510
931 543 58552
692 627 65971
488 405 7663
957 881 28108
635 737 33304
958 811 53943
614 950 55755
309 180 16397
241 802 45015
269 708 51353
980 911 26275
976 247 77541
157 749 85455
468 732 53961
337 187 78134
553 642 84791
920 162 57945
32 731 35584
964 978 61715
193 829 93093
64 18 86242
404 348 33239
581 766 29167
180 3 68917
266 497 12987
774 394 94216
626 868 76204
169 682 35350
626 17 72501
277 168 53150
642 716 48159
772 262 99727
590 145 22879
285 80 25277
417 990 18678
859 114 85439
897 953 46800
721 509 91218
129 354 35089
204 837 56132
809 690 89347
209 251 77360
643 709 81359
21 600 19503
403 345 45751
942 8 38238
499 526 98106
267 288 83298
169 507 45750
474 10 79880
507 111 46078
452 618 63288
528 915 81100
251 750 28682
806 730 74949
266 50 49240
998 615 62122
721 926 73448
33 98 34917
112 617 51735
285 815 44346
262 270 93613
134 997 15614
397 570 33227
772 808 71728
895 356 98851
900 789 67330
614 843 56668
895 992 25378
946 616 73957
784 563 9479
1000 217 86700
809 662 50275
32 620 97915
278 170 81825
681 930 64108
920 383 50297
808 386 71202
134 414 26472
731 364 45503
673 781 24527
784 875 25973
698 453 29480
75 438 16147
594 890 98304
183 461 83603
87 633 21282
156 357 73463
497 840 13593
269 412 9292
357 24 95943
382 20 34243
417 131 34155
553 629 27644
220 954 47937
947 939 66761
553 293 99319
230 81 29291
483 480 96994
931 89 60509
847 663 93792
180 326 22674
817 29 17501
874 70 61253
1000 281 35492
46 996 38393
102 327 66767
998 640 54560
326 172 89324
526 355 13882
633 478 73737
966 723 77063
712 907 98887
847 224 68688
679 835 2614
660 515 98967
520 229 90405
698 573 98210
683 28 79492
897 551 80546
17 314 27016
326 636 98492
111 973 29217
875 48 86049
831 419 96630
327 718 92546
957 562 56909
969 334 5389
112 902 50925
265 863 23213
87 395 82763
600 715 56070
267 146 49455
462 659 13123
938 567 8325
280 222 54202
902 408 21848
981 493 94383
108 880 10014
60 949 90767
908 322 34172
742 307 63021
162 674 21673
98 320 58070
820 701 24546
87 848 23716
673 2 3600
438 486 21900
322 753 9529
302 798 29626
781 621 95440
102 994 33986
334 103 60108
280 9 19373
314 457 81479
964 724 75758
285 738 78404
8 240 79029
890 123 66671
694 458 8604
704 654 44394
946 955 73155
272 770 50957
461 783 43605
732 603 96927
9 249 86542
515 238 83003
609 799 40863
730 379 54503
280 761 33936
981 918 69929
661 65 13005
89 259 9831
934 776 31137
289 253 85936
712 191 47828
355 420 7826
265 910 2232
615 149 52946
931 51 69496
717 255 81509
144 391 775
731 765 61280
713 106 72187
709 47 20164
930 568 19394
267 675 45634
714 151 93638
509 769 42435
721 790 58695
255 734 67373
636 148 12864
613 631 84673
296 647 33756
348 181 20071
654 34 40542
134 500 98064
831 325 59286
529 929 14126
269 588 735
560 530 53048
433 782 73698
60 729 42984
406 361 19793
47 215 2557
766 760 9916
581 805 89697
952 487 49725
73 531 8583
594 576 19216
247 602 83824
151 124 67562
406 74 87556
3 372 5086
762 963 92338
253 959 85826
588 825 21297
662 410 44384
217 31 65075
908 387 25804
706 439 17970
499 886 8945
74 810 11592
419 477 26935
461 684 5082
815 707 66102
51 657 83241
285 559 54562
897 508 55702
881 780 84434
686 130 74198
42 941 61688
813 378 36953
818 422 59329
994 722 64960
734 194 56401
8 416 76273
996 578 97920
791 877 3771
591 689 2407
639 550 13045
270 580 35860
576 826 54764
874 728 40961
897 503 15888
711 11 88235
658 1 27475
375 597 71257
459 544 80315
952 539 3371
853 282 15286
567 268 17676
241 138 52190
663 644 97715
530 370 13891
906 96 5797
355 778 55888
738 198 63754
790 199 310
879 744 4903
947 656 78320
241 6 94758
894 335 15903
296 676 11412
647 385 40613
657 827 68466
210 649 67723
199 323 31009
356 612 56242
778 575 63546
949 466 71678
631 965 10035
709 88 14476
659 286 23412
742 788 26859
488 5 40704
420 893 36831
686 22 75417
670 442 27718
835 248 74049
626 884 17780
417 351 6900
967 665 59084
404 641 26521
705 205 39630
734 90 95948
887 202 17624
508 473 76897
941 39 53872
22 801 32507
926 471 17704
493 845 4135
811 153 86556
818 77 97221
322 214 63894
160 510 10835
7 188 22862
662 933 84048
536 76 9051
708 63 70463
976 596 48181
576 175 97531
875 961 61251
170 94 37463
442 858 82282
981 423 6215
825 366 82669
111 678 32122
843 447 79046
286 986 34807
66 92 89804
16 792 78170
878 332 6804
656 117 51142
663 166 54055
699 225 55174
375 381 50444
510 208 90194
718 360 51318
502 538 87689
938 652 48165
837 495 34098
947 333 98677
603 211 12105
208 340 20660
802 547 55530
906 430 27550
791 115 8637
723 533 33782
277 110 61092
608 301 44677
880 866 65420
730 311 4501
996 759 55874
266 338 24296
478 844 24753
473 490 63459
649 882 23084
32 15 52100
918 923 29553
660 482 22953
473 206 5751
327 104 72470
276 250 62616
929 628 27330
678 971 20668
391 380 14153
765 352 74582
568 593 59444
802 726 69111
162 485 58569
815 45 8686
229 743 53559
473 424 91864
473 545 68410
512 86 87503
946 763 4672
5 399 80171
14 396 6284
716 82 33143
778 137 21841
829 852 49758
509 892 65960
573 463 7653
394 91 47062
230 233 75777
20 35 67606
1000 456 53305
318 126 88659
709 344 25769
613 72 94185
391 246 16861
22 667 15898
26 353 80117
743 242 88486
288 133 51982
320 390 40328
706 310 51325
80 527 75905
842 324 89865
117 13 62314
17 298 51821
539 951 67071
20 819 94328
354 158 25454
700 407 28858
60 494 92043
704 856 52384
732 236 73700
662 779 78625
255 785 83950
859 221 27867
148 279 76486
623 476 79414
128 79 60656
137 223 99976
160 119 56798
544 319 98729
338 393 28127
593 496 948
394 646 59312
75 695 13754
689 974 64784
933 203 44649
652 619 66171
49 362 85131
510 558 2567
354 823 26101
175 917 23411
246 632 3104
893 862 55044
65 687 41545
187 777 30779
512 245 6167
409 804 62038
323 841 40195
675 283 53145
910 719 41986
726 418 42750
894 275 29135
120 446 12469
282 838 60350
662 921 16996
908 922 58893
656 945 81805
293 566 30037
590 479 36266
424 165 24587
772 173 26432
302 257 86278
573 367 88722
181 443 9427
247 315 62145
362 450 44365
334 857 84382
403 176 64719
398 830 70506
829 472 37014
124 807 73991
779 475 4847
837 936 81741
259 822 43365
267 464 31262
716 914 25268
560 100 31548
191 369 12139
397 41 90885
609 598 69985
966 755 91425
323 927 97954
875 703 18706
701 68 98853
502 871 82394
203 299 86323
86 511 2236
382 93 79235
723 227 12762
345 371 90028
301 343 68323
7 516 90430
842 677 26275
370 648 13634
81 260 45583
48 756 617
715 870 23100
882 745 30118
827 95 53685
507 54 80657
360 365 97105
349 896 44315
325 336 43486
215 237 9061
946 898 68054
878 19 68077
503 101 34397
897 571 31266
494 71 70822
42 449 43949
126 429 36983
575 982 57700
326 53 4053
598 584 11099
936 710 94043
302 671 35277
437 300 21123
761 989 53818
713 549 45298
785 552 8326
677 751 32929
34 505 71078
236 440 45905
636 987 83686
810 739 14405
641 401 99996
102 572 8372
430 167 28040
875 57 56414
550 448 79881
809 292 62746
628 702 34817
408 518 7706
781 504 73952
689 303 42617
642 481 81754
10 962 43086
128 583 10066
977 273 97607
18 192 92884
613 864 56196
80 435 8174
943 226 39221
81 605 37039
811 147 45429
914 142 42081
660 846 78624
456 634 59828
730 832 88566
992 219 93784
849 688 158
303 431 56970
682 140 35297
420 377 81042
398 748 26948
748 67 54713
599 139 13390
41 271 78646
168 312 27577
245 321 16595
241 339 25580
723 258 17278
393 470 59209
931 854 42726
466 274 90837
900 991 13453
278 574 41385
774 23 1364
961 234 3457
900 589 77973
461 107 1443
777 988 30063
92 622 4710
830 445 48251
351 595 46782
126 630 13025
748 347 21766
943 611 35276
371 427 62439
343 836 59115
511 359 68145
17 872 56981
648 546 31649
508 928 11093
873 384 76354
982 30 87084
683 342 97995
404 794 22477
801 876 39174
987 83 24720
204 948 46651
896 975 63252
543 797 8152
83 787 24208
211 305 86848
882 85 86910
895 186 37845
326 754 97389
70 190 66907
567 346 66205
355 109 56905
13 415 40448
975 491 79601
461 768 79073
981 411 70762
450 828 34154
679 388 65921
103 444 20533
589 548 16912
249 727 33850
371 940 46812
325 256 23942
922 141 38573
296 402 6001
712 919 70021
730 235 6987
279 244 3982
91 725 91706
666 161 92633
726 691 45938
650 736 76340
784 113 79544
116 174 86099
265 297 36860
911 513 72386
371 441 63173
527 328 45185
975 40 23562
636 517 44750
785 451 59301
415 254 33421
175 291 40366
270 38 20582
955 185 86373
293 150 84108
26 434 33604
513 655 52663
289 467 23556
303 436 66817
385 537 15708
718 263 20430
725 179 11443
615 25 29040
576 125 28146
88 821 31112
987 43 7958
35 557 49319
524 685 8232
758 867 76402
58 295 30110
531 855 31644
801 469 90049
974 793 52163
12 638 36789
303 331 64434
386 252 23837
475 935 94520
1000 577 21669
549 565 45196
789 4 93498
868 189 58581
384 200 73864
730 861 96064
572 152 45763
826 860 9333
684 696 87234
41 746 45772
364 212 4907
510 944 37249
159 637 9614
797 912 54062
244 465 74670
753 786 15585
92 601 5845
288 184 89949
949 27 15358
859 816 73679
405 218 46934
892 523 43355
915 569 39342
83 925 97710
660 287 50101
601 489 2915
932 534 91963
469 304 54033
707 413 2613
60 232 45189
798 522 8983
973 905 99311
615 889 94073
706 56 70414
286 143 3266
103 55 99196
578 454 54268
464 376 97891
29 425 72103
930 196 64137
128 52 19763
109 767 60241
4 672 39169
556 669 82514
844 195 27985
10 937 82956
947 178 79362
941 484 39400
719 592 53018
223 294 51925
347 313 9801
251 554 73578
950 426 2962
257 316 37296
758 243 6991
175 903 62149
279 216 5683
102 985 29556
748 984 4152
685 284 64787
307 213 23946
195 506 39667
742 834 78555
704 177 67388
481 757 60227
870 164 93042
882 972 65027
990 960 63155
506 796 52611
572 197 70906
411 421 49472
476 869 24423
856 741 72352
226 645 32427
286 541 87162
457 532 80892
750 99 96574
119 586 62623
401 913 2088
315 733 84336
864 105 77645
608 501 91815
704 135 422
960 368 22780
769 956 12536
970 995 76680
129 132 77361
797 885 36613
596 44 83990
366 492 39995
985 909 53064
200 84 96197
956 891 9060
944 851 53857
204 824 14326
713 127 83398
854 171 37762
941 773 91500
985 136 75063
37 97 73765
421 514 58510
990 118 78769
546 317 91670
754 350 36859
241 389 79467
224 735 73951
29 428 33906
80 604 72258
860 888 35277
906 993 41402
630 363 91321
323 561 62677
141 555 63638
367 651 78271
200 901 45709
791 653 94837
63 764 2336
996 455 61918
181 752 26547
364 155 80212
582 983 62908
364 239 44049
210 460 19831
556 833 32019
304 693 1763
630 999 76094
399 680 22055
81 519 10113
453 800 15414
607 330 29373
333 814 25754
430 432 79418
225 228 69133
499 624 2921
687 775 33992
723 916 41811
