171 170
7 110 79497
7 123 55322
110 134 8404
7 104 70223
134 11 99175
134 18 11933
110 97 74957
18 164 90645
110 138 22298
7 92 75986
123 122 65345
7 62 26209
123 66 58285
138 136 19632
138 105 74271
136 41 53989
18 69 60176
105 131 57919
138 12 85215
7 28 30622
136 3 17142
62 129 42997
134 91 40269
131 52 80885
97 166 80936
28 31 71475
66 74 23466
62 98 33648
52 34 99234
66 160 5720
91 115 3074
134 170 54441
97 75 47846
122 51 91693
134 63 39851
105 149 40552
41 89 73024
105 5 28575
34 72 97850
134 109 3145
115 163 53150
166 156 96857
75 94 93178
3 139 397
129 146 54499
123 33 46105
89 126 12852
105 137 31267
12 42 59269
7 130 14776
89 59 12057
94 153 68254
134 71 42714
131 116 59353
97 169 15408
94 86 91814
72 107 76398
28 158 92624
105 30 90493
34 48 69236
164 95 34574
69 143 5931
156 54 37748
134 29 94222
110 21 50694
54 73 96070
122 101 38198
42 87 66452
33 162 9408
110 127 64915
115 141 52468
110 120 25216
59 145 96368
158 27 59101
126 114 13810
95 88 31347
149 76 74166
153 133 38768
62 53 89122
91 117 68145
59 46 23316
130 67 50341
107 167 33823
54 50 125
18 40 41302
158 93 40058
129 58 37262
120 47 76608
141 132 99775
104 151 80903
138 171 5580
122 68 8378
59 25 27931
149 125 69283
115 135 59359
169 84 48853
129 140 33833
169 64 68850
41 108 87650
167 99 32345
143 106 67849
54 113 46629
170 80 10252
137 57 55087
33 152 72936
169 60 44906
140 23 35047
73 37 33875
97 96 63807
5 142 30314
122 77 17894
170 148 49861
34 16 92907
59 43 64504
27 14 13830
3 15 49484
120 49 44225
123 35 18964
127 81 99364
66 168 52496
18 103 91965
42 20 39704
80 154 87736
51 90 96697
114 102 35869
120 144 97315
153 155 29886
31 165 83767
107 45 27807
66 112 66007
89 4 30711
149 26 6119
81 124 38859
145 157 39182
41 111 78527
86 78 13477
34 2 21642
77 39 38067
167 61 96627
105 38 93832
81 85 76347
111 24 45714
21 121 84497
54 10 69249
20 8 97179
80 147 98467
75 118 89892
57 100 48384
63 44 92905
123 119 22819
130 22 6973
157 150 37331
95 82 69949
14 55 92562
7 70 1867
125 79 66435
157 17 83582
8 161 66839
63 13 32678
35 19 92551
72 9 28818
150 56 72187
61 6 45130
115 83 86503
21 159 68193
3 1 19670
134 128 19819
116 65 41224
162 36 54655
133 32 56739
